/* DATA DESCRIPTION:
Citation:	Horstmann, Jochen; Carrasco, Ruben; Calil, Paulo H R; Iudicone, Daniele; Pesant, Stephane; Erta, J M (2022): Track of Lagrangian drifter 53 during the Mission Microbiomes with the RV Tara along the eastern coast of Brazil [dataset]. PANGAEA, https://doi.org/10.1594/PANGAEA.948232, 
	In: Horstmann, J et al. (2022): Drifter position data from the eastern coast of Brazil during the project Mission Microbiomes with the RV Tara [dataset publication series]. PANGAEA, https://doi.org/10.1594/PANGAEA.948261
Project(s):	Atlantic ECOsystems assessment, forecasting & sustainability (AtlantECO) (URI: https://doi.org/10.3030/862923)
	Fondation Tara Expeditions (FondTara) (URI: https://fondationtaraocean.org/en/home/)
	Mission Microbiomes (MM2020) (URI: https://fondationtaraocean.org/expedition/mission-microbiomes/)
Funding:	Horizon 2020 of the European Commission (H2020) (URI: https://research-and-innovation.ec.europa.eu/funding/funding-opportunities/funding-programmes-and-open-calls/horizon-2020_en), grant/award no. 862923: Atlantic ECOsystems assessment, forecasting & sustainability (URI: https://doi.org/10.3030/862923)
Coverage:	MEDIAN LATITUDE: 12.650675 * MEDIAN LONGITUDE: -54.899994 * SOUTH-BOUND LATITUDE: 12.521460 * WEST-BOUND LONGITUDE: -56.379030 * NORTH-BOUND LATITUDE: 12.857440 * EAST-BOUND LONGITUDE: -53.981570
	DATE/TIME START: 2021-08-24T11:04:33 * DATE/TIME END: 2021-09-02T21:54:06
	MINIMUM DEPTH, water: 0 m * MAXIMUM DEPTH, water: 0 m
Event(s):	TARA_Microbiomes_DRIFT-53 * LATITUDE START: 12.524550 * LONGITUDE START: -53.981570 * LATITUDE END: 12.647410 * LONGITUDE END: -56.379030 * DATE/TIME START: 2021-08-24T11:04:33 * DATE/TIME END: 2021-09-02T21:54:06 * LOCATION: Eastern Brazilian coast * CAMPAIGN: MM20210824_LEG-05_035-040_Martin * BASIS: SV Tara (URI: https://en.wikipedia.org/wiki/Tara_expedition) * METHOD/DEVICE: Drifter (DRIFT)
Parameter(s):	LATITUDE (Latitude) * GEOCODE * PI: Horstmann, Jochen (https://orcid.org/0000-0002-7979-5736, jochen.horstmann@hereon.de, https://www.hzg.de/institutes_platforms/coastal_research/operational_systems/radar_hydrography/staff/046556/index.php.en) * METHOD/DEVICE: GPS receiver mounted on Lagrangian drifter
	LONGITUDE (Longitude) * GEOCODE * PI: Horstmann, Jochen (https://orcid.org/0000-0002-7979-5736, jochen.horstmann@hereon.de, https://www.hzg.de/institutes_platforms/coastal_research/operational_systems/radar_hydrography/staff/046556/index.php.en) * METHOD/DEVICE: GPS receiver mounted on Lagrangian drifter
	DEPTH, water [m] (Depth water) * GEOCODE * PI: Horstmann, Jochen (https://orcid.org/0000-0002-7979-5736, jochen.horstmann@hereon.de, https://www.hzg.de/institutes_platforms/coastal_research/operational_systems/radar_hydrography/staff/046556/index.php.en)
	Identification (ID) * PI: Horstmann, Jochen (https://orcid.org/0000-0002-7979-5736, jochen.horstmann@hereon.de, https://www.hzg.de/institutes_platforms/coastal_research/operational_systems/radar_hydrography/staff/046556/index.php.en) * COMMENT: DrifterID
	DATE/TIME (Date/Time) * GEOCODE * PI: Horstmann, Jochen (https://orcid.org/0000-0002-7979-5736, jochen.horstmann@hereon.de, https://www.hzg.de/institutes_platforms/coastal_research/operational_systems/radar_hydrography/staff/046556/index.php.en) * COMMENT: UTC
License:	Creative Commons Attribution 4.0 International (CC-BY-4.0) (URI: https://creativecommons.org/licenses/by/4.0/)
Status:	Curation Level: Enhanced curation (URI: https://wiki.pangaea.de/wiki/Curation_levels)
Size:	1732 data points
*/
Latitude	Longitude	Depth water [m]	ID	Date/Time
12.52455	-53.98157	0	53	2021-08-24T11:04:33
12.52469	-53.98218	0	53	2021-08-24T11:09:34
12.52485	-53.98288	0	53	2021-08-24T11:14:33
12.52501	-53.98361	0	53	2021-08-24T11:19:58
12.52528	-53.98445	0	53	2021-08-24T11:24:32
12.52562	-53.98548	0	53	2021-08-24T11:29:32
12.52592	-53.98642	0	53	2021-08-24T11:34:31
12.52626	-53.98749	0	53	2021-08-24T11:39:31
12.52660	-53.98862	0	53	2021-08-24T11:44:32
12.52680	-53.98974	0	53	2021-08-24T11:49:33
12.52736	-53.99094	0	53	2021-08-24T11:54:33
12.52787	-53.99188	0	53	2021-08-24T11:59:33
12.52845	-53.99200	0	53	2021-08-24T12:04:35
12.52908	-53.99211	0	53	2021-08-24T12:09:32
12.52968	-53.99228	0	53	2021-08-24T12:14:33
12.53034	-53.99246	0	53	2021-08-24T12:19:57
12.53090	-53.99261	0	53	2021-08-24T12:24:31
12.53150	-53.99277	0	53	2021-08-24T12:29:29
12.53220	-53.99297	0	53	2021-08-24T12:34:31
12.53284	-53.99323	0	53	2021-08-24T12:39:30
12.53399	-53.99393	0	53	2021-08-24T12:49:23
12.53455	-53.99419	0	53	2021-08-24T12:54:23
12.53506	-53.99445	0	53	2021-08-24T12:59:22
12.53560	-53.99466	0	53	2021-08-24T13:04:23
12.53616	-53.99493	0	53	2021-08-24T13:09:19
12.53673	-53.99518	0	53	2021-08-24T13:14:19
12.53734	-53.99545	0	53	2021-08-24T13:19:58
12.53782	-53.99565	0	53	2021-08-24T13:24:15
12.53833	-53.99582	0	53	2021-08-24T13:29:15
12.53883	-53.99600	0	53	2021-08-24T13:34:08
12.53932	-53.99625	0	53	2021-08-24T13:39:12
12.53967	-53.99637	0	53	2021-08-24T13:44:10
12.53999	-53.99658	0	53	2021-08-24T13:49:12
12.54029	-53.99677	0	53	2021-08-24T13:54:11
12.54073	-53.99696	0	53	2021-08-24T13:59:11
12.54116	-53.99713	0	53	2021-08-24T14:04:10
12.54162	-53.99738	0	53	2021-08-24T14:09:13
12.54204	-53.99771	0	53	2021-08-24T14:14:11
12.54249	-53.99805	0	53	2021-08-24T14:19:40
12.54288	-53.99832	0	53	2021-08-24T14:24:12
12.54330	-53.99863	0	53	2021-08-24T14:29:10
12.54376	-53.99899	0	53	2021-08-24T14:34:12
12.54426	-53.99933	0	53	2021-08-24T14:39:12
12.54477	-53.99969	0	53	2021-08-24T14:44:13
12.54516	-54.00009	0	53	2021-08-24T14:49:12
12.54551	-54.00052	0	53	2021-08-24T14:54:14
12.54586	-54.00096	0	53	2021-08-24T14:59:11
12.54626	-54.00128	0	53	2021-08-24T15:04:11
12.54664	-54.00156	0	53	2021-08-24T15:09:12
12.54705	-54.00183	0	53	2021-08-24T15:14:14
12.54749	-54.00217	0	53	2021-08-24T15:19:38
12.54789	-54.00244	0	53	2021-08-24T15:24:15
12.54836	-54.00262	0	53	2021-08-24T15:29:13
12.54879	-54.00275	0	53	2021-08-24T15:34:13
12.54920	-54.00287	0	53	2021-08-24T15:39:11
12.54963	-54.00296	0	53	2021-08-24T15:44:11
12.55005	-54.00311	0	53	2021-08-24T15:49:12
12.55039	-54.00311	0	53	2021-08-24T15:54:12
12.55079	-54.00305	0	53	2021-08-24T15:59:10
12.55117	-54.00299	0	53	2021-08-24T16:04:10
12.55156	-54.00299	0	53	2021-08-24T16:09:12
12.55193	-54.00305	0	53	2021-08-24T16:14:11
12.55238	-54.00317	0	53	2021-08-24T16:19:39
12.55272	-54.00333	0	53	2021-08-24T16:24:14
12.55316	-54.00348	0	53	2021-08-24T16:29:14
12.55353	-54.00354	0	53	2021-08-24T16:34:16
12.55389	-54.00363	0	53	2021-08-24T16:39:14
12.55424	-54.00378	0	53	2021-08-24T16:44:17
12.55458	-54.00397	0	53	2021-08-24T16:49:15
12.55496	-54.00415	0	53	2021-08-24T16:54:15
12.55517	-54.00424	0	53	2021-08-24T16:59:15
12.55541	-54.00433	0	53	2021-08-24T17:04:17
12.55555	-54.00449	0	53	2021-08-24T17:09:18
12.55572	-54.00458	0	53	2021-08-24T17:14:16
12.55595	-54.00470	0	53	2021-08-24T17:19:36
12.55614	-54.00485	0	53	2021-08-24T17:24:14
12.55636	-54.00504	0	53	2021-08-24T17:29:13
12.55663	-54.00516	0	53	2021-08-24T17:34:14
12.55688	-54.00525	0	53	2021-08-24T17:39:12
12.55714	-54.00534	0	53	2021-08-24T17:44:15
12.55738	-54.00528	0	53	2021-08-24T17:49:17
12.55751	-54.00528	0	53	2021-08-24T17:54:17
12.55764	-54.00528	0	53	2021-08-24T17:59:16
12.55777	-54.00537	0	53	2021-08-24T18:04:16
12.55780	-54.00556	0	53	2021-08-24T18:09:58
12.55781	-54.00558	0	53	2021-08-24T18:14:17
12.55776	-54.00565	0	53	2021-08-24T18:19:57
12.55773	-54.00568	0	53	2021-08-24T18:24:18
12.55786	-54.00571	0	53	2021-08-24T18:29:13
12.55790	-54.00571	0	53	2021-08-24T18:34:13
12.55794	-54.00571	0	53	2021-08-24T18:39:14
12.55802	-54.00577	0	53	2021-08-24T18:44:12
12.55807	-54.00586	0	53	2021-08-24T18:49:12
12.55810	-54.00586	0	53	2021-08-24T18:59:10
12.55819	-54.00586	0	53	2021-08-24T19:04:10
12.55827	-54.00586	0	53	2021-08-24T19:09:07
12.55831	-54.00592	0	53	2021-08-24T19:14:06
12.55838	-54.00616	0	53	2021-08-24T19:20:25
12.55848	-54.00629	0	53	2021-08-24T19:24:02
12.55857	-54.00638	0	53	2021-08-24T19:29:00
12.55875	-54.00656	0	53	2021-08-24T19:33:59
12.55884	-54.00665	0	53	2021-08-24T19:38:58
12.55888	-54.00665	0	53	2021-08-24T19:43:58
12.55895	-54.00681	0	53	2021-08-24T19:49:02
12.55897	-54.00699	0	53	2021-08-24T19:54:00
12.55901	-54.00723	0	53	2021-08-24T19:59:02
12.55904	-54.00751	0	53	2021-08-24T20:04:02
12.55909	-54.00775	0	53	2021-08-24T20:09:03
12.55912	-54.00795	0	53	2021-08-24T20:14:27
12.55912	-54.00821	0	53	2021-08-24T20:19:27
12.55915	-54.00839	0	53	2021-08-24T20:24:01
12.55919	-54.00867	0	53	2021-08-24T20:29:02
12.55926	-54.00894	0	53	2021-08-24T20:33:59
12.55933	-54.00922	0	53	2021-08-24T20:39:00
12.55929	-54.00946	0	53	2021-08-24T20:44:00
12.55930	-54.00970	0	53	2021-08-24T20:49:02
12.55930	-54.00992	0	53	2021-08-24T20:53:59
12.55933	-54.01022	0	53	2021-08-24T20:59:02
12.55938	-54.01056	0	53	2021-08-24T21:04:00
12.55943	-54.01093	0	53	2021-08-24T21:09:02
12.55953	-54.01129	0	53	2021-08-24T21:14:01
12.55960	-54.01172	0	53	2021-08-24T21:19:26
12.55968	-54.01208	0	53	2021-08-24T21:24:03
12.55977	-54.01234	0	53	2021-08-24T21:29:02
12.55986	-54.01260	0	53	2021-08-24T21:34:02
12.56003	-54.01282	0	53	2021-08-24T21:39:00
12.56021	-54.01307	0	53	2021-08-24T21:44:00
12.56038	-54.01324	0	53	2021-08-24T21:49:00
12.56056	-54.01349	0	53	2021-08-24T21:54:01
12.56095	-54.01407	0	53	2021-08-24T22:03:59
12.56116	-54.01416	0	53	2021-08-24T22:09:00
12.56146	-54.01425	0	53	2021-08-24T22:14:00
12.56183	-54.01431	0	53	2021-08-24T22:19:28
12.56198	-54.01437	0	53	2021-08-24T22:23:59
12.56216	-54.01440	0	53	2021-08-24T22:28:56
12.56242	-54.01450	0	53	2021-08-24T22:33:56
12.56268	-54.01450	0	53	2021-08-24T22:38:56
12.56297	-54.01453	0	53	2021-08-24T22:43:58
12.56328	-54.01468	0	53	2021-08-24T22:48:56
12.56364	-54.01480	0	53	2021-08-24T22:53:57
12.56391	-54.01489	0	53	2021-08-24T22:58:56
12.56423	-54.01495	0	53	2021-08-24T23:03:54
12.56455	-54.01505	0	53	2021-08-24T23:08:56
12.56483	-54.01514	0	53	2021-08-24T23:13:56
12.56518	-54.01523	0	53	2021-08-24T23:19:27
12.56538	-54.01529	0	53	2021-08-24T23:23:58
12.56555	-54.01541	0	53	2021-08-24T23:28:58
12.56574	-54.01553	0	53	2021-08-24T23:33:52
12.56594	-54.01566	0	53	2021-08-24T23:38:55
12.56616	-54.01572	0	53	2021-08-24T23:43:50
12.56641	-54.01587	0	53	2021-08-24T23:48:47
12.56663	-54.01596	0	53	2021-08-24T23:53:47
12.56680	-54.01605	0	53	2021-08-24T23:58:48
12.56698	-54.01617	0	53	2021-08-25T00:03:50
12.56701	-54.01624	0	53	2021-08-25T00:08:50
12.56706	-54.01635	0	53	2021-08-25T00:13:57
12.56715	-54.01654	0	53	2021-08-25T00:19:26
12.56719	-54.01669	0	53	2021-08-25T00:23:56
12.56726	-54.01700	0	53	2021-08-25T00:28:56
12.56734	-54.01727	0	53	2021-08-25T00:33:54
12.56743	-54.01755	0	53	2021-08-25T00:38:56
12.56755	-54.01779	0	53	2021-08-25T00:43:59
12.56773	-54.01797	0	53	2021-08-25T00:49:01
12.56789	-54.01825	0	53	2021-08-25T00:53:58
12.56802	-54.01859	0	53	2021-08-25T00:58:58
12.56813	-54.01898	0	53	2021-08-25T01:03:59
12.56826	-54.01938	0	53	2021-08-25T01:08:56
12.56839	-54.01981	0	53	2021-08-25T01:13:57
12.56843	-54.02023	0	53	2021-08-25T01:19:25
12.56841	-54.02048	0	53	2021-08-25T01:23:56
12.56845	-54.02075	0	53	2021-08-25T01:28:53
12.56845	-54.02106	0	53	2021-08-25T01:33:56
12.56850	-54.02130	0	53	2021-08-25T01:38:54
12.56854	-54.02161	0	53	2021-08-25T01:43:54
12.56855	-54.02191	0	53	2021-08-25T01:48:55
12.56860	-54.02216	0	53	2021-08-25T01:53:57
12.56864	-54.02234	0	53	2021-08-25T01:58:53
12.56868	-54.02243	0	53	2021-08-25T02:03:53
12.56864	-54.02252	0	53	2021-08-25T02:08:52
12.56854	-54.02264	0	53	2021-08-25T02:13:53
12.56842	-54.02277	0	53	2021-08-25T02:19:24
12.56825	-54.02289	0	53	2021-08-25T02:23:50
12.56809	-54.02298	0	53	2021-08-25T02:28:47
12.56792	-54.02316	0	53	2021-08-25T02:33:48
12.56774	-54.02341	0	53	2021-08-25T02:38:48
12.56749	-54.02367	0	53	2021-08-25T02:43:49
12.56732	-54.02393	0	53	2021-08-25T02:48:49
12.56718	-54.02420	0	53	2021-08-25T02:53:51
12.56704	-54.02448	0	53	2021-08-25T02:58:51
12.56692	-54.02476	0	53	2021-08-25T03:03:50
12.56688	-54.02502	0	53	2021-08-25T03:08:50
12.56677	-54.02524	0	53	2021-08-25T03:13:53
12.56660	-54.02539	0	53	2021-08-25T03:19:25
12.56643	-54.02551	0	53	2021-08-25T03:23:53
12.56627	-54.02563	0	53	2021-08-25T03:28:54
12.56613	-54.02591	0	53	2021-08-25T03:33:54
12.56597	-54.02618	0	53	2021-08-25T03:38:52
12.56582	-54.02646	0	53	2021-08-25T03:43:51
12.56572	-54.02670	0	53	2021-08-25T03:48:55
12.56569	-54.02695	0	53	2021-08-25T03:53:53
12.56568	-54.02725	0	53	2021-08-25T03:58:53
12.56564	-54.02757	0	53	2021-08-25T04:03:52
12.56555	-54.02783	0	53	2021-08-25T04:08:52
12.56551	-54.02820	0	53	2021-08-25T04:13:50
12.56548	-54.02856	0	53	2021-08-25T04:19:24
12.56540	-54.02887	0	53	2021-08-25T04:23:50
12.56526	-54.02925	0	53	2021-08-25T04:28:48
12.56509	-54.02951	0	53	2021-08-25T04:33:49
12.56487	-54.02988	0	53	2021-08-25T04:38:46
12.56470	-54.03030	0	53	2021-08-25T04:43:49
12.56455	-54.03076	0	53	2021-08-25T04:48:50
12.56446	-54.03110	0	53	2021-08-25T04:53:49
12.56443	-54.03152	0	53	2021-08-25T04:58:49
12.56437	-54.03192	0	53	2021-08-25T05:03:50
12.56419	-54.03245	0	53	2021-08-25T05:09:26
12.56398	-54.03279	0	53	2021-08-25T05:14:26
12.56364	-54.03305	0	53	2021-08-25T05:19:26
12.56332	-54.03329	0	53	2021-08-25T05:23:50
12.56289	-54.03363	0	53	2021-08-25T05:28:51
12.56252	-54.03406	0	53	2021-08-25T05:33:50
12.56219	-54.03442	0	53	2021-08-25T05:38:52
12.56182	-54.03479	0	53	2021-08-25T05:43:53
12.56137	-54.03513	0	53	2021-08-25T05:48:51
12.56089	-54.03546	0	53	2021-08-25T05:53:50
12.56052	-54.03578	0	53	2021-08-25T05:58:52
12.56022	-54.03604	0	53	2021-08-25T06:03:52
12.55993	-54.03629	0	53	2021-08-25T06:08:49
12.55952	-54.03653	0	53	2021-08-25T06:13:47
12.55910	-54.03683	0	53	2021-08-25T06:19:26
12.55883	-54.03708	0	53	2021-08-25T06:23:48
12.55850	-54.03749	0	53	2021-08-25T06:28:42
12.55820	-54.03775	0	53	2021-08-25T06:33:42
12.55778	-54.03817	0	53	2021-08-25T06:38:42
12.55731	-54.03860	0	53	2021-08-25T06:43:41
12.55682	-54.03912	0	53	2021-08-25T06:48:41
12.55627	-54.03970	0	53	2021-08-25T06:53:42
12.55564	-54.04025	0	53	2021-08-25T06:58:43
12.55502	-54.04083	0	53	2021-08-25T07:03:44
12.55448	-54.04138	0	53	2021-08-25T07:08:43
12.55396	-54.04193	0	53	2021-08-25T07:13:45
12.55322	-54.04257	0	53	2021-08-25T07:19:08
12.55262	-54.04315	0	53	2021-08-25T07:23:44
12.55203	-54.04382	0	53	2021-08-25T07:28:43
12.55146	-54.04446	0	53	2021-08-25T07:33:40
12.55078	-54.04511	0	53	2021-08-25T07:38:39
12.55014	-54.04562	0	53	2021-08-25T07:43:39
12.54952	-54.04617	0	53	2021-08-25T07:48:36
12.54897	-54.04672	0	53	2021-08-25T07:53:37
12.54847	-54.04730	0	53	2021-08-25T07:58:35
12.54794	-54.04800	0	53	2021-08-25T08:03:36
12.54737	-54.04874	0	53	2021-08-25T08:08:35
12.54674	-54.04942	0	53	2021-08-25T08:13:55
12.54610	-54.05011	0	53	2021-08-25T08:18:55
12.54567	-54.05084	0	53	2021-08-25T08:23:35
12.54517	-54.05154	0	53	2021-08-25T08:28:34
12.54470	-54.05219	0	53	2021-08-25T08:33:35
12.54428	-54.05289	0	53	2021-08-25T08:38:33
12.54397	-54.05354	0	53	2021-08-25T08:43:31
12.54358	-54.05423	0	53	2021-08-25T08:48:31
12.54308	-54.05493	0	53	2021-08-25T08:53:32
12.54258	-54.05557	0	53	2021-08-25T08:58:32
12.54204	-54.05621	0	53	2021-08-25T09:03:30
12.54148	-54.05687	0	53	2021-08-25T09:08:31
12.54101	-54.05756	0	53	2021-08-25T09:13:31
12.54049	-54.05829	0	53	2021-08-25T09:18:58
12.54005	-54.05899	0	53	2021-08-25T09:23:32
12.53959	-54.05984	0	53	2021-08-25T09:28:34
12.53924	-54.06064	0	53	2021-08-25T09:33:31
12.53895	-54.06152	0	53	2021-08-25T09:38:32
12.53862	-54.06232	0	53	2021-08-25T09:43:30
12.53836	-54.06308	0	53	2021-08-25T09:48:33
12.53817	-54.06384	0	53	2021-08-25T09:53:34
12.53793	-54.06464	0	53	2021-08-25T09:58:31
12.53766	-54.06537	0	53	2021-08-25T10:03:32
12.53742	-54.06616	0	53	2021-08-25T10:08:34
12.53721	-54.06693	0	53	2021-08-25T10:13:34
12.53702	-54.06772	0	53	2021-08-25T10:18:57
12.53686	-54.06854	0	53	2021-08-25T10:23:36
12.53675	-54.06937	0	53	2021-08-25T10:28:35
12.53666	-54.07016	0	53	2021-08-25T10:33:37
12.53661	-54.07074	0	53	2021-08-25T10:38:35
12.53651	-54.07129	0	53	2021-08-25T10:43:38
12.53636	-54.07187	0	53	2021-08-25T10:48:40
12.53621	-54.07248	0	53	2021-08-25T10:53:38
12.53609	-54.07300	0	53	2021-08-25T10:58:42
12.53597	-54.07353	0	53	2021-08-25T11:03:43
12.53584	-54.07404	0	53	2021-08-25T11:08:43
12.53570	-54.07458	0	53	2021-08-25T11:13:40
12.53550	-54.07495	0	53	2021-08-25T11:18:57
12.53520	-54.07541	0	53	2021-08-25T11:23:39
12.53492	-54.07596	0	53	2021-08-25T11:28:38
12.53461	-54.07649	0	53	2021-08-25T11:33:37
12.53435	-54.07709	0	53	2021-08-25T11:38:37
12.53405	-54.07771	0	53	2021-08-25T11:43:35
12.53379	-54.07831	0	53	2021-08-25T11:48:35
12.53342	-54.07901	0	53	2021-08-25T11:53:36
12.53305	-54.07971	0	53	2021-08-25T11:58:35
12.53261	-54.08051	0	53	2021-08-25T12:03:36
12.53224	-54.08121	0	53	2021-08-25T12:08:35
12.53182	-54.08217	0	53	2021-08-25T12:13:35
12.53148	-54.08303	0	53	2021-08-25T12:18:36
12.53114	-54.08380	0	53	2021-08-25T12:23:36
12.53070	-54.08459	0	53	2021-08-25T12:28:38
12.53028	-54.08545	0	53	2021-08-25T12:33:35
12.52981	-54.08634	0	53	2021-08-25T12:38:36
12.52942	-54.08737	0	53	2021-08-25T12:43:37
12.52898	-54.08845	0	53	2021-08-25T12:48:36
12.52855	-54.08948	0	53	2021-08-25T12:53:35
12.52815	-54.09055	0	53	2021-08-25T12:58:35
12.52776	-54.09158	0	53	2021-08-25T13:03:35
12.52744	-54.09265	0	53	2021-08-25T13:08:34
12.52719	-54.09369	0	53	2021-08-25T13:13:33
12.52684	-54.09492	0	53	2021-08-25T13:18:31
12.52658	-54.09586	0	53	2021-08-25T13:23:32
12.52627	-54.09689	0	53	2021-08-25T13:28:33
12.52599	-54.09790	0	53	2021-08-25T13:33:33
12.52574	-54.09897	0	53	2021-08-25T13:38:26
12.52554	-54.10014	0	53	2021-08-25T13:43:31
12.52533	-54.10117	0	53	2021-08-25T13:48:32
12.52508	-54.10226	0	53	2021-08-25T13:53:29
12.52478	-54.10333	0	53	2021-08-25T13:58:31
12.52455	-54.10446	0	53	2021-08-25T14:03:31
12.52424	-54.10565	0	53	2021-08-25T14:08:32
12.52398	-54.10687	0	53	2021-08-25T14:13:30
12.52358	-54.10812	0	53	2021-08-25T14:18:53
12.52305	-54.11050	0	53	2021-08-25T14:28:31
12.52273	-54.11170	0	53	2021-08-25T14:33:31
12.52252	-54.11282	0	53	2021-08-25T14:38:30
12.52223	-54.11395	0	53	2021-08-25T14:43:33
12.52200	-54.11511	0	53	2021-08-25T14:48:35
12.52181	-54.11630	0	53	2021-08-25T14:53:32
12.52172	-54.11740	0	53	2021-08-25T14:58:32
12.52166	-54.11856	0	53	2021-08-25T15:03:33
12.52168	-54.11970	0	53	2021-08-25T15:08:58
12.52172	-54.12090	0	53	2021-08-25T15:13:58
12.52172	-54.12219	0	53	2021-08-25T15:18:58
12.52174	-54.12344	0	53	2021-08-25T15:23:40
12.52170	-54.12463	0	53	2021-08-25T15:28:37
12.52161	-54.12589	0	53	2021-08-25T15:33:38
12.52158	-54.12714	0	53	2021-08-25T15:38:36
12.52164	-54.12845	0	53	2021-08-25T15:43:37
12.52173	-54.12982	0	53	2021-08-25T15:48:37
12.52173	-54.13119	0	53	2021-08-25T15:53:37
12.52173	-54.13248	0	53	2021-08-25T15:58:36
12.52176	-54.13379	0	53	2021-08-25T16:03:33
12.52176	-54.13504	0	53	2021-08-25T16:08:32
12.52174	-54.13638	0	53	2021-08-25T16:13:45
12.52164	-54.13761	0	53	2021-08-25T16:18:31
12.52164	-54.13873	0	53	2021-08-25T16:23:32
12.52152	-54.14001	0	53	2021-08-25T16:28:29
12.52146	-54.14120	0	53	2021-08-25T16:33:26
12.52146	-54.14240	0	53	2021-08-25T16:38:27
12.52151	-54.14349	0	53	2021-08-25T16:43:24
12.52157	-54.14462	0	53	2021-08-25T16:48:24
12.52170	-54.14576	0	53	2021-08-25T16:53:22
12.52179	-54.14679	0	53	2021-08-25T16:58:22
12.52189	-54.14792	0	53	2021-08-25T17:03:22
12.52192	-54.14908	0	53	2021-08-25T17:08:19
12.52201	-54.15025	0	53	2021-08-25T17:13:13
12.52210	-54.15137	0	53	2021-08-25T17:18:14
12.52210	-54.15240	0	53	2021-08-25T17:23:14
12.52220	-54.15347	0	53	2021-08-25T17:28:11
12.52229	-54.15463	0	53	2021-08-25T17:33:10
12.52235	-54.15573	0	53	2021-08-25T17:38:14
12.52243	-54.15686	0	53	2021-08-25T17:43:14
12.52252	-54.15793	0	53	2021-08-25T17:48:16
12.52269	-54.15897	0	53	2021-08-25T17:53:23
12.52286	-54.16000	0	53	2021-08-25T17:58:22
12.52305	-54.16107	0	53	2021-08-25T18:03:22
12.52326	-54.16214	0	53	2021-08-25T18:08:19
12.52345	-54.16321	0	53	2021-08-25T18:13:20
12.52369	-54.16436	0	53	2021-08-25T18:18:17
12.52386	-54.16522	0	53	2021-08-25T18:23:18
12.52412	-54.16611	0	53	2021-08-25T18:28:15
12.52447	-54.16713	0	53	2021-08-25T18:33:12
12.52468	-54.16807	0	53	2021-08-25T18:38:12
12.52485	-54.16901	0	53	2021-08-25T18:43:12
12.52506	-54.16992	0	53	2021-08-25T18:48:13
12.52527	-54.17102	0	53	2021-08-25T18:53:11
12.52549	-54.17203	0	53	2021-08-25T18:58:12
12.52567	-54.17303	0	53	2021-08-25T19:03:09
12.52586	-54.17410	0	53	2021-08-25T19:08:11
12.52606	-54.17511	0	53	2021-08-25T19:13:15
12.52623	-54.17630	0	53	2021-08-25T19:18:54
12.52638	-54.17722	0	53	2021-08-25T19:23:20
12.52655	-54.17834	0	53	2021-08-25T19:28:20
12.52684	-54.17944	0	53	2021-08-25T19:33:23
12.52721	-54.18049	0	53	2021-08-25T19:38:26
12.52755	-54.18143	0	53	2021-08-25T19:43:26
12.52799	-54.18250	0	53	2021-08-25T19:48:25
12.52846	-54.18344	0	53	2021-08-25T19:53:25
12.52896	-54.18439	0	53	2021-08-25T19:58:26
12.52944	-54.18539	0	53	2021-08-25T20:03:24
12.52997	-54.18625	0	53	2021-08-25T20:08:24
12.53048	-54.18719	0	53	2021-08-25T20:13:24
12.53108	-54.18826	0	53	2021-08-25T20:18:56
12.53158	-54.18909	0	53	2021-08-25T20:23:23
12.53218	-54.19003	0	53	2021-08-25T20:28:22
12.53274	-54.19098	0	53	2021-08-25T20:33:23
12.53330	-54.19189	0	53	2021-08-25T20:38:21
12.53382	-54.19284	0	53	2021-08-25T20:43:22
12.53432	-54.19379	0	53	2021-08-25T20:48:23
12.53483	-54.19465	0	53	2021-08-25T20:53:21
12.53539	-54.19568	0	53	2021-08-25T20:58:21
12.53601	-54.19659	0	53	2021-08-25T21:03:23
12.53671	-54.19748	0	53	2021-08-25T21:08:23
12.53736	-54.19839	0	53	2021-08-25T21:13:24
12.53810	-54.19928	0	53	2021-08-25T21:18:56
12.53931	-54.20084	0	53	2021-08-25T21:28:27
12.53986	-54.20165	0	53	2021-08-25T21:33:28
12.54037	-54.20242	0	53	2021-08-25T21:38:28
12.54095	-54.20319	0	53	2021-08-25T21:43:28
12.54162	-54.20396	0	53	2021-08-25T21:48:30
12.54226	-54.20456	0	53	2021-08-25T21:53:30
12.54287	-54.20520	0	53	2021-08-25T21:58:28
12.54351	-54.20588	0	53	2021-08-25T22:03:29
12.54411	-54.20648	0	53	2021-08-25T22:08:29
12.54466	-54.20703	0	53	2021-08-25T22:13:33
12.54526	-54.20761	0	53	2021-08-25T22:18:55
12.54558	-54.20831	0	53	2021-08-25T22:23:34
12.54593	-54.20901	0	53	2021-08-25T22:28:32
12.54623	-54.20978	0	53	2021-08-25T22:33:32
12.54653	-54.21054	0	53	2021-08-25T22:38:31
12.54677	-54.21128	0	53	2021-08-25T22:43:26
12.54698	-54.21188	0	53	2021-08-25T22:48:25
12.54727	-54.21260	0	53	2021-08-25T22:53:24
12.54748	-54.21329	0	53	2021-08-25T22:58:23
12.54768	-54.21402	0	53	2021-08-25T23:03:24
12.54781	-54.21478	0	53	2021-08-25T23:08:25
12.54793	-54.21561	0	53	2021-08-25T23:13:56
12.54797	-54.21655	0	53	2021-08-25T23:18:56
12.54797	-54.21725	0	53	2021-08-25T23:23:23
12.54801	-54.21799	0	53	2021-08-25T23:28:26
12.54801	-54.21878	0	53	2021-08-25T23:33:24
12.54802	-54.22033	0	53	2021-08-25T23:43:19
12.54802	-54.22028	0	53	2021-08-25T23:43:23
12.54806	-54.22089	0	53	2021-08-25T23:48:20
12.54806	-54.22153	0	53	2021-08-25T23:53:19
12.54818	-54.22220	0	53	2021-08-25T23:58:20
12.54827	-54.22290	0	53	2021-08-26T00:03:19
12.54834	-54.22363	0	53	2021-08-26T00:08:19
12.54834	-54.22440	0	53	2021-08-26T00:13:20
12.54848	-54.22523	0	53	2021-08-26T00:18:16
12.54855	-54.22589	0	53	2021-08-26T00:23:11
12.54870	-54.22678	0	53	2021-08-26T00:28:15
12.54888	-54.22760	0	53	2021-08-26T00:33:14
12.54903	-54.22842	0	53	2021-08-26T00:38:12
12.54919	-54.22934	0	53	2021-08-26T00:43:13
12.54933	-54.23022	0	53	2021-08-26T00:48:10
12.54953	-54.23107	0	53	2021-08-26T00:53:11
12.54966	-54.23184	0	53	2021-08-26T00:58:11
12.54974	-54.23264	0	53	2021-08-26T01:03:12
12.54983	-54.23346	0	53	2021-08-26T01:08:10
12.55000	-54.23425	0	53	2021-08-26T01:13:11
12.55012	-54.23510	0	53	2021-08-26T01:18:11
12.55021	-54.23596	0	53	2021-08-26T01:23:11
12.55028	-54.23688	0	53	2021-08-26T01:28:09
12.55044	-54.23770	0	53	2021-08-26T01:33:09
12.55059	-54.23859	0	53	2021-08-26T01:38:08
12.55083	-54.23953	0	53	2021-08-26T01:43:11
12.55114	-54.24048	0	53	2021-08-26T01:48:09
12.55142	-54.24142	0	53	2021-08-26T01:53:11
12.55163	-54.24233	0	53	2021-08-26T01:58:14
12.55189	-54.24319	0	53	2021-08-26T02:03:14
12.55214	-54.24414	0	53	2021-08-26T02:08:12
12.55246	-54.24503	0	53	2021-08-26T02:13:14
12.55272	-54.24603	0	53	2021-08-26T02:18:37
12.55295	-54.24683	0	53	2021-08-26T02:23:15
12.55351	-54.24848	0	53	2021-08-26T02:33:17
12.55377	-54.24925	0	53	2021-08-26T02:38:17
12.55411	-54.24994	0	53	2021-08-26T02:43:17
12.55441	-54.25067	0	53	2021-08-26T02:48:15
12.55459	-54.25134	0	53	2021-08-26T02:53:16
12.55474	-54.25211	0	53	2021-08-26T02:58:17
12.55490	-54.25284	0	53	2021-08-26T03:03:15
12.55509	-54.25366	0	53	2021-08-26T03:08:38
12.55530	-54.25435	0	53	2021-08-26T03:13:39
12.55543	-54.25504	0	53	2021-08-26T03:18:39
12.55544	-54.25558	0	53	2021-08-26T03:23:18
12.55548	-54.25626	0	53	2021-08-26T03:28:17
12.55556	-54.25699	0	53	2021-08-26T03:33:19
12.55573	-54.25775	0	53	2021-08-26T03:38:17
12.55581	-54.25854	0	53	2021-08-26T03:43:20
12.55589	-54.25945	0	53	2021-08-26T03:48:18
12.55598	-54.26022	0	53	2021-08-26T03:53:19
12.55609	-54.26105	0	53	2021-08-26T03:58:20
12.55609	-54.26181	0	53	2021-08-26T04:03:20
12.55604	-54.26245	0	53	2021-08-26T04:08:18
12.55592	-54.26318	0	53	2021-08-26T04:13:15
12.55574	-54.26389	0	53	2021-08-26T04:18:55
12.55568	-54.26450	0	53	2021-08-26T04:23:15
12.55566	-54.26520	0	53	2021-08-26T04:28:13
12.55567	-54.26605	0	53	2021-08-26T04:33:14
12.55570	-54.26678	0	53	2021-08-26T04:38:11
12.55572	-54.26758	0	53	2021-08-26T04:43:09
12.55572	-54.26831	0	53	2021-08-26T04:48:13
12.55579	-54.26907	0	53	2021-08-26T04:53:07
12.55575	-54.26984	0	53	2021-08-26T04:58:07
12.55575	-54.27063	0	53	2021-08-26T05:03:08
12.55575	-54.27142	0	53	2021-08-26T05:08:08
12.55579	-54.27237	0	53	2021-08-26T05:13:03
12.55583	-54.27331	0	53	2021-08-26T05:18:03
12.55583	-54.27417	0	53	2021-08-26T05:23:04
12.55579	-54.27512	0	53	2021-08-26T05:28:01
12.55572	-54.27600	0	53	2021-08-26T05:33:02
12.55568	-54.27682	0	53	2021-08-26T05:38:01
12.55565	-54.27770	0	53	2021-08-26T05:42:59
12.55565	-54.27856	0	53	2021-08-26T05:48:00
12.55564	-54.27951	0	53	2021-08-26T05:53:01
12.55567	-54.28050	0	53	2021-08-26T05:58:02
12.55568	-54.28143	0	53	2021-08-26T06:02:59
12.55567	-54.28247	0	53	2021-08-26T06:08:02
12.55572	-54.28357	0	53	2021-08-26T06:12:59
12.55577	-54.28468	0	53	2021-08-26T06:17:58
12.55581	-54.28571	0	53	2021-08-26T06:22:58
12.55587	-54.28680	0	53	2021-08-26T06:27:56
12.55592	-54.28796	0	53	2021-08-26T06:32:57
12.55604	-54.28913	0	53	2021-08-26T06:37:57
12.55608	-54.29007	0	53	2021-08-26T06:42:57
12.55615	-54.29108	0	53	2021-08-26T06:47:55
12.55616	-54.29208	0	53	2021-08-26T06:52:56
12.55618	-54.29315	0	53	2021-08-26T06:57:53
12.55627	-54.29419	0	53	2021-08-26T07:02:54
12.55634	-54.29526	0	53	2021-08-26T07:07:53
12.55635	-54.29636	0	53	2021-08-26T07:13:54
12.55635	-54.29773	0	53	2021-08-26T07:18:54
12.55641	-54.29868	0	53	2021-08-26T07:22:53
12.55642	-54.29980	0	53	2021-08-26T07:27:51
12.55648	-54.30099	0	53	2021-08-26T07:32:54
12.55650	-54.30234	0	53	2021-08-26T07:37:52
12.55662	-54.30367	0	53	2021-08-26T07:42:52
12.55675	-54.30487	0	53	2021-08-26T07:47:51
12.55692	-54.30622	0	53	2021-08-26T07:52:51
12.55705	-54.30734	0	53	2021-08-26T07:57:51
12.55723	-54.30856	0	53	2021-08-26T08:02:52
12.55764	-54.31224	0	53	2021-08-26T08:17:52
12.55781	-54.31318	0	53	2021-08-26T08:22:52
12.55798	-54.31430	0	53	2021-08-26T08:27:53
12.55826	-54.31549	0	53	2021-08-26T08:32:50
12.55853	-54.31674	0	53	2021-08-26T08:37:49
12.55883	-54.31784	0	53	2021-08-26T08:42:51
12.55918	-54.31893	0	53	2021-08-26T08:47:49
12.55952	-54.32013	0	53	2021-08-26T08:52:49
12.55993	-54.32123	0	53	2021-08-26T08:57:50
12.56032	-54.32236	0	53	2021-08-26T09:02:50
12.56075	-54.32355	0	53	2021-08-26T09:07:48
12.56114	-54.32473	0	53	2021-08-26T09:13:24
12.56157	-54.32602	0	53	2021-08-26T09:18:24
12.56227	-54.32823	0	53	2021-08-26T09:27:44
12.56261	-54.32935	0	53	2021-08-26T09:32:44
12.56295	-54.33038	0	53	2021-08-26T09:37:44
12.56338	-54.33151	0	53	2021-08-26T09:42:43
12.56383	-54.33264	0	53	2021-08-26T09:47:40
12.56429	-54.33382	0	53	2021-08-26T09:52:41
12.56463	-54.33494	0	53	2021-08-26T09:57:41
12.56489	-54.33597	0	53	2021-08-26T10:02:42
12.56520	-54.33713	0	53	2021-08-26T10:07:39
12.56541	-54.33826	0	53	2021-08-26T10:12:40
12.56568	-54.33942	0	53	2021-08-26T10:17:56
12.56588	-54.34064	0	53	2021-08-26T10:22:41
12.56611	-54.34189	0	53	2021-08-26T10:27:42
12.56634	-54.34311	0	53	2021-08-26T10:32:40
12.56646	-54.34442	0	53	2021-08-26T10:37:41
12.56656	-54.34576	0	53	2021-08-26T10:42:40
12.56659	-54.34723	0	53	2021-08-26T10:47:42
12.56655	-54.34863	0	53	2021-08-26T10:52:42
12.56643	-54.35007	0	53	2021-08-26T10:57:40
12.56645	-54.35156	0	53	2021-08-26T11:02:42
12.56645	-54.35303	0	53	2021-08-26T11:07:42
12.56644	-54.35461	0	53	2021-08-26T11:12:45
12.56646	-54.35635	0	53	2021-08-26T11:18:23
12.56650	-54.35784	0	53	2021-08-26T11:22:41
12.56650	-54.35956	0	53	2021-08-26T11:27:41
12.56647	-54.36127	0	53	2021-08-26T11:32:43
12.56621	-54.36493	0	53	2021-08-26T11:42:40
12.56620	-54.36655	0	53	2021-08-26T11:47:40
12.56617	-54.36819	0	53	2021-08-26T11:52:40
12.56611	-54.36978	0	53	2021-08-26T11:57:36
12.56601	-54.37131	0	53	2021-08-26T12:02:36
12.56604	-54.37277	0	53	2021-08-26T12:07:37
12.56600	-54.37430	0	53	2021-08-26T12:12:34
12.56598	-54.37585	0	53	2021-08-26T12:17:54
12.56611	-54.37734	0	53	2021-08-26T12:22:31
12.56620	-54.37888	0	53	2021-08-26T12:27:31
12.56637	-54.38034	0	53	2021-08-26T12:32:30
12.56661	-54.38196	0	53	2021-08-26T12:37:30
12.56689	-54.38351	0	53	2021-08-26T12:42:31
12.56714	-54.38510	0	53	2021-08-26T12:47:28
12.56746	-54.38663	0	53	2021-08-26T12:52:29
12.56778	-54.38815	0	53	2021-08-26T12:57:29
12.56811	-54.38965	0	53	2021-08-26T13:02:29
12.56846	-54.39117	0	53	2021-08-26T13:07:27
12.56883	-54.39267	0	53	2021-08-26T13:12:28
12.56909	-54.39417	0	53	2021-08-26T13:17:56
12.56941	-54.39542	0	53	2021-08-26T13:22:30
12.56981	-54.39676	0	53	2021-08-26T13:27:28
12.57015	-54.39813	0	53	2021-08-26T13:32:28
12.57054	-54.39957	0	53	2021-08-26T13:37:28
12.57089	-54.40097	0	53	2021-08-26T13:42:26
12.57123	-54.40247	0	53	2021-08-26T13:47:30
12.57156	-54.40394	0	53	2021-08-26T13:52:40
12.57195	-54.40540	0	53	2021-08-26T13:57:40
12.57219	-54.40701	0	53	2021-08-26T14:02:38
12.57245	-54.40860	0	53	2021-08-26T14:07:40
12.57268	-54.41021	0	53	2021-08-26T14:12:59
12.57289	-54.41193	0	53	2021-08-26T14:17:59
12.57309	-54.41348	0	53	2021-08-26T14:22:21
12.57330	-54.41522	0	53	2021-08-26T14:27:22
12.57356	-54.41676	0	53	2021-08-26T14:32:22
12.57382	-54.41830	0	53	2021-08-26T14:37:21
12.57407	-54.41989	0	53	2021-08-26T14:42:21
12.57442	-54.42139	0	53	2021-08-26T14:47:21
12.57475	-54.42309	0	53	2021-08-26T14:52:18
12.57514	-54.42455	0	53	2021-08-26T14:57:19
12.57557	-54.42609	0	53	2021-08-26T15:02:19
12.57590	-54.42761	0	53	2021-08-26T15:07:21
12.57619	-54.42926	0	53	2021-08-26T15:12:21
12.57649	-54.43106	0	53	2021-08-26T15:17:20
12.57675	-54.43243	0	53	2021-08-26T15:22:20
12.57704	-54.43405	0	53	2021-08-26T15:27:21
12.57728	-54.43567	0	53	2021-08-26T15:32:21
12.57755	-54.43729	0	53	2021-08-26T15:37:22
12.57785	-54.43887	0	53	2021-08-26T15:42:22
12.57817	-54.44049	0	53	2021-08-26T15:47:24
12.57838	-54.44203	0	53	2021-08-26T15:52:24
12.57864	-54.44357	0	53	2021-08-26T15:57:23
12.57901	-54.44525	0	53	2021-08-26T16:02:27
12.57937	-54.44699	0	53	2021-08-26T16:07:26
12.57976	-54.44867	0	53	2021-08-26T16:12:56
12.58019	-54.45047	0	53	2021-08-26T16:17:56
12.58055	-54.45197	0	53	2021-08-26T16:22:18
12.58090	-54.45358	0	53	2021-08-26T16:27:18
12.58133	-54.45523	0	53	2021-08-26T16:32:16
12.58186	-54.45682	0	53	2021-08-26T16:37:17
12.58231	-54.45844	0	53	2021-08-26T16:42:14
12.58281	-54.46014	0	53	2021-08-26T16:47:15
12.58325	-54.46188	0	53	2021-08-26T16:52:13
12.58377	-54.46362	0	53	2021-08-26T16:57:13
12.58421	-54.46527	0	53	2021-08-26T17:02:11
12.58473	-54.46671	0	53	2021-08-26T17:07:13
12.58527	-54.46823	0	53	2021-08-26T17:12:11
12.58623	-54.47139	0	53	2021-08-26T17:22:09
12.58670	-54.47276	0	53	2021-08-26T17:27:09
12.58726	-54.47430	0	53	2021-08-26T17:32:08
12.58796	-54.47577	0	53	2021-08-26T17:37:08
12.58855	-54.47724	0	53	2021-08-26T17:42:09
12.58911	-54.47870	0	53	2021-08-26T17:47:09
12.58971	-54.48016	0	53	2021-08-26T17:52:22
12.59023	-54.48154	0	53	2021-08-26T17:57:23
12.59064	-54.48299	0	53	2021-08-26T18:02:20
12.59107	-54.48453	0	53	2021-08-26T18:07:20
12.59146	-54.48599	0	53	2021-08-26T18:12:19
12.59186	-54.48761	0	53	2021-08-26T18:17:42
12.59224	-54.48906	0	53	2021-08-26T18:22:20
12.59263	-54.49060	0	53	2021-08-26T18:27:20
12.59301	-54.49207	0	53	2021-08-26T18:32:06
12.59356	-54.49356	0	53	2021-08-26T18:37:03
12.59406	-54.49503	0	53	2021-08-26T18:42:16
12.59457	-54.49651	0	53	2021-08-26T18:47:17
12.59491	-54.49805	0	53	2021-08-26T18:52:17
12.59527	-54.49961	0	53	2021-08-26T18:57:03
12.59561	-54.50098	0	53	2021-08-26T19:02:04
12.59610	-54.50244	0	53	2021-08-26T19:07:27
12.59666	-54.50381	0	53	2021-08-26T19:12:27
12.59726	-54.50510	0	53	2021-08-26T19:17:26
12.59782	-54.50629	0	53	2021-08-26T19:22:03
12.59845	-54.50748	0	53	2021-08-26T19:27:05
12.59898	-54.50879	0	53	2021-08-26T19:32:04
12.59962	-54.51004	0	53	2021-08-26T19:37:03
12.60025	-54.51130	0	53	2021-08-26T19:42:03
12.60085	-54.51242	0	53	2021-08-26T19:47:03
12.60147	-54.51358	0	53	2021-08-26T19:52:01
12.60223	-54.51481	0	53	2021-08-26T19:57:04
12.60287	-54.51593	0	53	2021-08-26T20:02:03
12.60358	-54.51709	0	53	2021-08-26T20:07:02
12.60437	-54.51837	0	53	2021-08-26T20:12:00
12.60506	-54.51974	0	53	2021-08-26T20:17:00
12.60570	-54.52094	0	53	2021-08-26T20:21:59
12.60638	-54.52219	0	53	2021-08-26T20:27:01
12.60694	-54.52335	0	53	2021-08-26T20:31:59
12.60758	-54.52460	0	53	2021-08-26T20:37:00
12.60831	-54.52585	0	53	2021-08-26T20:41:57
12.60903	-54.52704	0	53	2021-08-26T20:46:59
12.60956	-54.52817	0	53	2021-08-26T20:51:58
12.61017	-54.52951	0	53	2021-08-26T20:56:56
12.61086	-54.53071	0	53	2021-08-26T21:01:57
12.61159	-54.53183	0	53	2021-08-26T21:06:57
12.61230	-54.53305	0	53	2021-08-26T21:11:58
12.61227	-54.53299	0	53	2021-08-26T21:11:59
12.61324	-54.53434	0	53	2021-08-26T21:16:57
12.61322	-54.53430	0	53	2021-08-26T21:17:27
12.61397	-54.53537	0	53	2021-08-26T21:21:57
12.61479	-54.53653	0	53	2021-08-26T21:26:56
12.61557	-54.53772	0	53	2021-08-26T21:31:55
12.61629	-54.53886	0	53	2021-08-26T21:36:52
12.61711	-54.53989	0	53	2021-08-26T21:41:53
12.61793	-54.54092	0	53	2021-08-26T21:46:53
12.61880	-54.54202	0	53	2021-08-26T21:51:54
12.61967	-54.54312	0	53	2021-08-26T21:56:51
12.62060	-54.54431	0	53	2021-08-26T22:01:49
12.62157	-54.54545	0	53	2021-08-26T22:06:49
12.62247	-54.54657	0	53	2021-08-26T22:11:49
12.62351	-54.54785	0	53	2021-08-26T22:17:25
12.62431	-54.54889	0	53	2021-08-26T22:21:48
12.62522	-54.55005	0	53	2021-08-26T22:26:49
12.62617	-54.55124	0	53	2021-08-26T22:31:46
12.62701	-54.55237	0	53	2021-08-26T22:36:49
12.62786	-54.55350	0	53	2021-08-26T22:41:46
12.62861	-54.55470	0	53	2021-08-26T22:46:48
12.62943	-54.55582	0	53	2021-08-26T22:51:49
12.63025	-54.55692	0	53	2021-08-26T22:56:45
12.63116	-54.55803	0	53	2021-08-26T23:01:46
12.63193	-54.55915	0	53	2021-08-26T23:06:46
12.63275	-54.56027	0	53	2021-08-26T23:11:45
12.63363	-54.56161	0	53	2021-08-26T23:17:25
12.63421	-54.56262	0	53	2021-08-26T23:21:45
12.63494	-54.56375	0	53	2021-08-26T23:26:46
12.63552	-54.56488	0	53	2021-08-26T23:31:44
12.63614	-54.56601	0	53	2021-08-26T23:36:45
12.63671	-54.56719	0	53	2021-08-26T23:41:47
12.63727	-54.56831	0	53	2021-08-26T23:46:47
12.63787	-54.56943	0	53	2021-08-26T23:51:48
12.63853	-54.57050	0	53	2021-08-26T23:56:42
12.63913	-54.57150	0	53	2021-08-27T00:01:48
12.63973	-54.57257	0	53	2021-08-27T00:06:47
12.64034	-54.57349	0	53	2021-08-27T00:11:46
12.64120	-54.57455	0	53	2021-08-27T00:17:26
12.64185	-54.57526	0	53	2021-08-27T00:21:45
12.64264	-54.57614	0	53	2021-08-27T00:26:43
12.64328	-54.57712	0	53	2021-08-27T00:31:44
12.64400	-54.57809	0	53	2021-08-27T00:36:46
12.64483	-54.57925	0	53	2021-08-27T00:41:45
12.64563	-54.58042	0	53	2021-08-27T00:46:45
12.64645	-54.58154	0	53	2021-08-27T00:51:45
12.64723	-54.58270	0	53	2021-08-27T00:56:47
12.64800	-54.58392	0	53	2021-08-27T01:01:45
12.64877	-54.58505	0	53	2021-08-27T01:06:45
12.64961	-54.58615	0	53	2021-08-27T01:11:46
12.65063	-54.58743	0	53	2021-08-27T01:17:26
12.65134	-54.58844	0	53	2021-08-27T01:21:47
12.65285	-54.59066	0	53	2021-08-27T01:31:44
12.65362	-54.59178	0	53	2021-08-27T01:36:43
12.65448	-54.59290	0	53	2021-08-27T01:41:43
12.65534	-54.59402	0	53	2021-08-27T01:46:44
12.65608	-54.59525	0	53	2021-08-27T01:51:44
12.65689	-54.59651	0	53	2021-08-27T01:56:46
12.65766	-54.59750	0	53	2021-08-27T02:01:43
12.65839	-54.59848	0	53	2021-08-27T02:06:46
12.65915	-54.59955	0	53	2021-08-27T02:11:45
12.66002	-54.60086	0	53	2021-08-27T02:17:25
12.66059	-54.60187	0	53	2021-08-27T02:21:43
12.66207	-54.60413	0	53	2021-08-27T02:31:41
12.66278	-54.60535	0	53	2021-08-27T02:36:40
12.66342	-54.60647	0	53	2021-08-27T02:41:39
12.66406	-54.60767	0	53	2021-08-27T02:46:39
12.66466	-54.60889	0	53	2021-08-27T02:51:40
12.66518	-54.61017	0	53	2021-08-27T02:56:37
12.66569	-54.61145	0	53	2021-08-27T03:01:34
12.66610	-54.61270	0	53	2021-08-27T03:06:35
12.66648	-54.61398	0	53	2021-08-27T03:11:32
12.66695	-54.61545	0	53	2021-08-27T03:16:56
12.66738	-54.61670	0	53	2021-08-27T03:21:32
12.66768	-54.61807	0	53	2021-08-27T03:26:31
12.66814	-54.61945	0	53	2021-08-27T03:31:30
12.66855	-54.62084	0	53	2021-08-27T03:36:29
12.66894	-54.62213	0	53	2021-08-27T03:41:29
12.66936	-54.62341	0	53	2021-08-27T03:46:30
12.66978	-54.62482	0	53	2021-08-27T03:51:31
12.67018	-54.62619	0	53	2021-08-27T03:56:32
12.67044	-54.62760	0	53	2021-08-27T04:01:25
12.67087	-54.62897	0	53	2021-08-27T04:06:26
12.67129	-54.63034	0	53	2021-08-27T04:11:25
12.67214	-54.63317	0	53	2021-08-27T04:21:19
12.67245	-54.63440	0	53	2021-08-27T04:26:18
12.67278	-54.63583	0	53	2021-08-27T04:31:19
12.67322	-54.63721	0	53	2021-08-27T04:36:20
12.67362	-54.63882	0	53	2021-08-27T04:41:17
12.67401	-54.64011	0	53	2021-08-27T04:46:17
12.67431	-54.64148	0	53	2021-08-27T04:51:18
12.67469	-54.64288	0	53	2021-08-27T04:56:15
12.67512	-54.64420	0	53	2021-08-27T05:01:17
12.67559	-54.64547	0	53	2021-08-27T05:06:17
12.67593	-54.64676	0	53	2021-08-27T05:11:17
12.67636	-54.64822	0	53	2021-08-27T05:16:56
12.67665	-54.64935	0	53	2021-08-27T05:21:16
12.67705	-54.65059	0	53	2021-08-27T05:26:12
12.67735	-54.65189	0	53	2021-08-27T05:31:12
12.67765	-54.65317	0	53	2021-08-27T05:36:11
12.67802	-54.65439	0	53	2021-08-27T05:41:11
12.67840	-54.65564	0	53	2021-08-27T05:46:12
12.67881	-54.65677	0	53	2021-08-27T05:51:09
12.67923	-54.65802	0	53	2021-08-27T05:56:07
12.67955	-54.65927	0	53	2021-08-27T06:01:04
12.67989	-54.66046	0	53	2021-08-27T06:06:04
12.68025	-54.66171	0	53	2021-08-27T06:11:05
12.68068	-54.66293	0	53	2021-08-27T06:16:25
12.68096	-54.66409	0	53	2021-08-27T06:21:05
12.68128	-54.66528	0	53	2021-08-27T06:26:03
12.68167	-54.66651	0	53	2021-08-27T06:31:01
12.68210	-54.66763	0	53	2021-08-27T06:36:01
12.68245	-54.66873	0	53	2021-08-27T06:41:02
12.68281	-54.66989	0	53	2021-08-27T06:46:02
12.68309	-54.67096	0	53	2021-08-27T06:50:56
12.68339	-54.67215	0	53	2021-08-27T06:55:57
12.68371	-54.67331	0	53	2021-08-27T07:00:57
12.68394	-54.67453	0	53	2021-08-27T07:05:55
12.68422	-54.67581	0	53	2021-08-27T07:10:56
12.68466	-54.67740	0	53	2021-08-27T07:16:55
12.68494	-54.67831	0	53	2021-08-27T07:20:53
12.68528	-54.67957	0	53	2021-08-27T07:25:53
12.68558	-54.68076	0	53	2021-08-27T07:30:48
12.68590	-54.68195	0	53	2021-08-27T07:35:48
12.68619	-54.68314	0	53	2021-08-27T07:40:49
12.68655	-54.68436	0	53	2021-08-27T07:45:46
12.68702	-54.68563	0	53	2021-08-27T07:50:46
12.68745	-54.68671	0	53	2021-08-27T07:55:48
12.68788	-54.68787	0	53	2021-08-27T08:00:45
12.68830	-54.68896	0	53	2021-08-27T08:05:43
12.68875	-54.69012	0	53	2021-08-27T08:10:44
12.68930	-54.69154	0	53	2021-08-27T08:15:44
12.68973	-54.69266	0	53	2021-08-27T08:20:44
12.69015	-54.69388	0	53	2021-08-27T08:25:41
12.69058	-54.69510	0	53	2021-08-27T08:30:42
12.69104	-54.69628	0	53	2021-08-27T08:35:39
12.69155	-54.69748	0	53	2021-08-27T08:40:39
12.69206	-54.69861	0	53	2021-08-27T08:45:37
12.69257	-54.69974	0	53	2021-08-27T08:50:37
12.69319	-54.70094	0	53	2021-08-27T08:55:36
12.69378	-54.70209	0	53	2021-08-27T09:00:37
12.69439	-54.70334	0	53	2021-08-27T09:05:37
12.69502	-54.70459	0	53	2021-08-27T09:10:38
12.69573	-54.70587	0	53	2021-08-27T09:15:55
12.69637	-54.70709	0	53	2021-08-27T09:20:40
12.69706	-54.70831	0	53	2021-08-27T09:25:39
12.69772	-54.70963	0	53	2021-08-27T09:30:40
12.69851	-54.71091	0	53	2021-08-27T09:35:41
12.69928	-54.71221	0	53	2021-08-27T09:40:38
12.69997	-54.71350	0	53	2021-08-27T09:45:37
12.70075	-54.71487	0	53	2021-08-27T09:50:38
12.70153	-54.71622	0	53	2021-08-27T09:55:41
12.70235	-54.71751	0	53	2021-08-27T10:00:39
12.70317	-54.71880	0	53	2021-08-27T10:05:40
12.70394	-54.72009	0	53	2021-08-27T10:10:40
12.70479	-54.72150	0	53	2021-08-27T10:15:57
12.70556	-54.72269	0	53	2021-08-27T10:20:41
12.70634	-54.72394	0	53	2021-08-27T10:25:43
12.70722	-54.72525	0	53	2021-08-27T10:30:40
12.70903	-54.72800	0	53	2021-08-27T10:40:38
12.71001	-54.72931	0	53	2021-08-27T10:45:37
12.71110	-54.73062	0	53	2021-08-27T10:50:38
12.71227	-54.73187	0	53	2021-08-27T10:55:36
12.71338	-54.73303	0	53	2021-08-27T11:00:37
12.71448	-54.73425	0	53	2021-08-27T11:05:56
12.71551	-54.73545	0	53	2021-08-27T11:10:55
12.71667	-54.73682	0	53	2021-08-27T11:15:55
12.71758	-54.73798	0	53	2021-08-27T11:20:36
12.71845	-54.73922	0	53	2021-08-27T11:25:35
12.71927	-54.74042	0	53	2021-08-27T11:30:35
12.72015	-54.74167	0	53	2021-08-27T11:35:38
12.72099	-54.74295	0	53	2021-08-27T11:40:36
12.72190	-54.74427	0	53	2021-08-27T11:45:41
12.72276	-54.74564	0	53	2021-08-27T11:50:41
12.72370	-54.74701	0	53	2021-08-27T11:55:40
12.72459	-54.74826	0	53	2021-08-27T12:00:43
12.72547	-54.74954	0	53	2021-08-27T12:05:40
12.72637	-54.75082	0	53	2021-08-27T12:10:41
12.72725	-54.75229	0	53	2021-08-27T12:15:55
12.72821	-54.75365	0	53	2021-08-27T12:20:32
12.72915	-54.75494	0	53	2021-08-27T12:25:32
12.73005	-54.75650	0	53	2021-08-27T12:30:33
12.73087	-54.75787	0	53	2021-08-27T12:35:33
12.73173	-54.75916	0	53	2021-08-27T12:40:32
12.73254	-54.76059	0	53	2021-08-27T12:45:35
12.73330	-54.76213	0	53	2021-08-27T12:50:34
12.73399	-54.76359	0	53	2021-08-27T12:55:34
12.73485	-54.76505	0	53	2021-08-27T13:00:35
12.73566	-54.76660	0	53	2021-08-27T13:05:33
12.73650	-54.76813	0	53	2021-08-27T13:10:36
12.73741	-54.76984	0	53	2021-08-27T13:15:57
12.73815	-54.77130	0	53	2021-08-27T13:20:38
12.73896	-54.77292	0	53	2021-08-27T13:25:35
12.73983	-54.77454	0	53	2021-08-27T13:30:37
12.74074	-54.77626	0	53	2021-08-27T13:35:37
12.74164	-54.77789	0	53	2021-08-27T13:40:37
12.74257	-54.77945	0	53	2021-08-27T13:45:35
12.74347	-54.78101	0	53	2021-08-27T13:50:36
12.74630	-54.78579	0	53	2021-08-27T14:05:56
12.74724	-54.78725	0	53	2021-08-27T14:10:55
12.74827	-54.78879	0	53	2021-08-27T14:15:55
12.74914	-54.79016	0	53	2021-08-27T14:20:34
12.75011	-54.79169	0	53	2021-08-27T14:25:34
12.75275	-54.79617	0	53	2021-08-27T14:40:29
12.75367	-54.79742	0	53	2021-08-27T14:45:26
12.75459	-54.79883	0	53	2021-08-27T14:50:29
12.75557	-54.80032	0	53	2021-08-27T14:55:32
12.75655	-54.80167	0	53	2021-08-27T15:00:32
12.75747	-54.80313	0	53	2021-08-27T15:05:30
12.76026	-54.80722	0	53	2021-08-27T15:20:36
12.76116	-54.80865	0	53	2021-08-27T15:25:39
12.76198	-54.80994	0	53	2021-08-27T15:30:38
12.76279	-54.81134	0	53	2021-08-27T15:35:38
12.76367	-54.81271	0	53	2021-08-27T15:40:43
12.76449	-54.81400	0	53	2021-08-27T15:45:44
12.76539	-54.81537	0	53	2021-08-27T15:50:44
12.76630	-54.81693	0	53	2021-08-27T15:55:57
12.76726	-54.81850	0	53	2021-08-27T16:00:46
12.76795	-54.81979	0	53	2021-08-27T16:05:47
12.76870	-54.82114	0	53	2021-08-27T16:10:45
12.76955	-54.82257	0	53	2021-08-27T16:16:24
12.77017	-54.82370	0	53	2021-08-27T16:20:47
12.77103	-54.82493	0	53	2021-08-27T16:25:50
12.77180	-54.82622	0	53	2021-08-27T16:30:50
12.77257	-54.82751	0	53	2021-08-27T16:35:49
12.77336	-54.82883	0	53	2021-08-27T16:40:49
12.77494	-54.83154	0	53	2021-08-27T16:50:50
12.77576	-54.83285	0	53	2021-08-27T16:55:51
12.77653	-54.83414	0	53	2021-08-27T17:00:50
12.77742	-54.83547	0	53	2021-08-27T17:05:52
12.77824	-54.83676	0	53	2021-08-27T17:10:51
12.77917	-54.83835	0	53	2021-08-27T17:16:26
12.77989	-54.83945	0	53	2021-08-27T17:20:53
12.78074	-54.84062	0	53	2021-08-27T17:25:54
12.78160	-54.84174	0	53	2021-08-27T17:30:54
12.78246	-54.84277	0	53	2021-08-27T17:35:54
12.78344	-54.84387	0	53	2021-08-27T17:40:56
12.78430	-54.84482	0	53	2021-08-27T17:45:57
12.78507	-54.84579	0	53	2021-08-27T17:50:57
12.78593	-54.84680	0	53	2021-08-27T17:55:55
12.78683	-54.84775	0	53	2021-08-27T18:00:59
12.78764	-54.84869	0	53	2021-08-27T18:05:56
12.78846	-54.84946	0	53	2021-08-27T18:10:57
12.78930	-54.85043	0	53	2021-08-27T18:16:28
12.79002	-54.85117	0	53	2021-08-27T18:20:55
12.79077	-54.85202	0	53	2021-08-27T18:25:53
12.79162	-54.85287	0	53	2021-08-27T18:30:56
12.79250	-54.85367	0	53	2021-08-27T18:35:53
12.79331	-54.85449	0	53	2021-08-27T18:40:55
12.79416	-54.85529	0	53	2021-08-27T18:45:52
12.79506	-54.85599	0	53	2021-08-27T18:50:53
12.79594	-54.85666	0	53	2021-08-27T18:55:54
12.79679	-54.85742	0	53	2021-08-27T19:00:53
12.79765	-54.85822	0	53	2021-08-27T19:05:51
12.79843	-54.85901	0	53	2021-08-27T19:10:51
12.79940	-54.85986	0	53	2021-08-27T19:15:56
12.80017	-54.86063	0	53	2021-08-27T19:20:56
12.80101	-54.86148	0	53	2021-08-27T19:25:58
12.80196	-54.86234	0	53	2021-08-27T19:30:56
12.80283	-54.86316	0	53	2021-08-27T19:35:56
12.80373	-54.86409	0	53	2021-08-27T19:40:57
12.80459	-54.86486	0	53	2021-08-27T19:45:57
12.80541	-54.86572	0	53	2021-08-27T19:50:56
12.80627	-54.86658	0	53	2021-08-27T19:55:55
12.80706	-54.86740	0	53	2021-08-27T20:00:57
12.80779	-54.86826	0	53	2021-08-27T20:05:57
12.80850	-54.86905	0	53	2021-08-27T20:10:55
12.80925	-54.86996	0	53	2021-08-27T20:16:26
12.80997	-54.87061	0	53	2021-08-27T20:20:55
12.81080	-54.87144	0	53	2021-08-27T20:25:54
12.81149	-54.87204	0	53	2021-08-27T20:30:54
12.81233	-54.87268	0	53	2021-08-27T20:35:52
12.81307	-54.87326	0	53	2021-08-27T20:40:53
12.81390	-54.87381	0	53	2021-08-27T20:45:56
12.81467	-54.87433	0	53	2021-08-27T20:50:54
12.81635	-54.87549	0	53	2021-08-27T21:00:55
12.81725	-54.87604	0	53	2021-08-27T21:05:55
12.81813	-54.87653	0	53	2021-08-27T21:10:57
12.81911	-54.87717	0	53	2021-08-27T21:16:25
12.81992	-54.87773	0	53	2021-08-27T21:20:59
12.82078	-54.87833	0	53	2021-08-27T21:26:00
12.82164	-54.87894	0	53	2021-08-27T21:30:59
12.82238	-54.87955	0	53	2021-08-27T21:36:01
12.82314	-54.88007	0	53	2021-08-27T21:40:59
12.82390	-54.88053	0	53	2021-08-27T21:46:03
12.82480	-54.88104	0	53	2021-08-27T21:51:04
12.82763	-54.88214	0	53	2021-08-27T22:06:07
12.82851	-54.88245	0	53	2021-08-27T22:11:06
12.82936	-54.88300	0	53	2021-08-27T22:16:26
12.83022	-54.88339	0	53	2021-08-27T22:21:05
12.83118	-54.88383	0	53	2021-08-27T22:26:02
12.83217	-54.88409	0	53	2021-08-27T22:31:03
12.83315	-54.88444	0	53	2021-08-27T22:36:04
12.83405	-54.88470	0	53	2021-08-27T22:41:04
12.83495	-54.88504	0	53	2021-08-27T22:46:04
12.83586	-54.88541	0	53	2021-08-27T22:51:06
12.83674	-54.88574	0	53	2021-08-27T22:56:03
12.83768	-54.88605	0	53	2021-08-27T23:01:00
12.83860	-54.88641	0	53	2021-08-27T23:06:01
12.83948	-54.88672	0	53	2021-08-27T23:10:58
12.84039	-54.88721	0	53	2021-08-27T23:16:25
12.84120	-54.88757	0	53	2021-08-27T23:20:56
12.84191	-54.88788	0	53	2021-08-27T23:25:53
12.84259	-54.88821	0	53	2021-08-27T23:30:54
12.84324	-54.88846	0	53	2021-08-27T23:35:55
12.84396	-54.88870	0	53	2021-08-27T23:40:53
12.84538	-54.88940	0	53	2021-08-27T23:50:56
12.84598	-54.88957	0	53	2021-08-27T23:55:55
12.84667	-54.88983	0	53	2021-08-28T00:00:55
12.84741	-54.88998	0	53	2021-08-28T00:05:55
12.84813	-54.89020	0	53	2021-08-28T00:10:57
12.84894	-54.89035	0	53	2021-08-28T00:16:25
12.84954	-54.89061	0	53	2021-08-28T00:20:56
12.85010	-54.89078	0	53	2021-08-28T00:25:56
12.85056	-54.89090	0	53	2021-08-28T00:30:56
12.85111	-54.89105	0	53	2021-08-28T00:35:54
12.85158	-54.89105	0	53	2021-08-28T00:40:55
12.85209	-54.89105	0	53	2021-08-28T00:45:54
12.85266	-54.89105	0	53	2021-08-28T00:50:56
12.85317	-54.89105	0	53	2021-08-28T00:55:57
12.85369	-54.89120	0	53	2021-08-28T01:00:54
12.85420	-54.89120	0	53	2021-08-28T01:05:54
12.85471	-54.89133	0	53	2021-08-28T01:10:53
12.85522	-54.89165	0	53	2021-08-28T01:15:49
12.85556	-54.89182	0	53	2021-08-28T01:20:50
12.85590	-54.89194	0	53	2021-08-28T01:25:50
12.85651	-54.89229	0	53	2021-08-28T01:35:45
12.85668	-54.89229	0	53	2021-08-28T01:40:45
12.85689	-54.89246	0	53	2021-08-28T01:45:45
12.85710	-54.89267	0	53	2021-08-28T01:50:43
12.85718	-54.89280	0	53	2021-08-28T01:55:43
12.85727	-54.89297	0	53	2021-08-28T02:00:42
12.85736	-54.89319	0	53	2021-08-28T02:05:41
12.85744	-54.89331	0	53	2021-08-28T02:10:40
12.85733	-54.89362	0	53	2021-08-28T02:15:58
12.85724	-54.89380	0	53	2021-08-28T02:20:34
12.85714	-54.89404	0	53	2021-08-28T02:25:34
12.85704	-54.89438	0	53	2021-08-28T02:30:31
12.85695	-54.89468	0	53	2021-08-28T02:35:32
12.85686	-54.89512	0	53	2021-08-28T02:40:25
12.85679	-54.89539	0	53	2021-08-28T02:45:29
12.85673	-54.89572	0	53	2021-08-28T02:50:26
12.85669	-54.89597	0	53	2021-08-28T02:55:26
12.85653	-54.89610	0	53	2021-08-28T03:00:23
12.85640	-54.89627	0	53	2021-08-28T03:05:22
12.85623	-54.89648	0	53	2021-08-28T03:11:01
12.85606	-54.89682	0	53	2021-08-28T03:16:01
12.85592	-54.89721	0	53	2021-08-28T03:20:28
12.85582	-54.89749	0	53	2021-08-28T03:25:26
12.85575	-54.89789	0	53	2021-08-28T03:30:29
12.85565	-54.89819	0	53	2021-08-28T03:35:27
12.85545	-54.89853	0	53	2021-08-28T03:40:28
12.85517	-54.89901	0	53	2021-08-28T03:45:25
12.85497	-54.89920	0	53	2021-08-28T03:50:25
12.85470	-54.89944	0	53	2021-08-28T03:55:26
12.85429	-54.89981	0	53	2021-08-28T04:00:31
12.85397	-54.90018	0	53	2021-08-28T04:05:24
12.85364	-54.90067	0	53	2021-08-28T04:10:25
12.85250	-54.90232	0	53	2021-08-28T04:25:26
12.85216	-54.90283	0	53	2021-08-28T04:30:25
12.85173	-54.90326	0	53	2021-08-28T04:35:25
12.85124	-54.90378	0	53	2021-08-28T04:40:25
12.85074	-54.90436	0	53	2021-08-28T04:45:31
12.85035	-54.90487	0	53	2021-08-28T04:50:31
12.84988	-54.90521	0	53	2021-08-28T04:55:31
12.84942	-54.90573	0	53	2021-08-28T05:00:30
12.84889	-54.90625	0	53	2021-08-28T05:05:34
12.84834	-54.90674	0	53	2021-08-28T05:10:38
12.84792	-54.90735	0	53	2021-08-28T05:16:26
12.84758	-54.90784	0	53	2021-08-28T05:20:33
12.84707	-54.90854	0	53	2021-08-28T05:25:35
12.84655	-54.90920	0	53	2021-08-28T05:30:37
12.84604	-54.90985	0	53	2021-08-28T05:35:35
12.84565	-54.91058	0	53	2021-08-28T05:40:36
12.84527	-54.91132	0	53	2021-08-28T05:45:34
12.84487	-54.91216	0	53	2021-08-28T05:50:34
12.84453	-54.91302	0	53	2021-08-28T05:55:34
12.84411	-54.91403	0	53	2021-08-28T06:00:35
12.84378	-54.91498	0	53	2021-08-28T06:05:33
12.84346	-54.91590	0	53	2021-08-28T06:10:33
12.84316	-54.91666	0	53	2021-08-28T06:15:57
12.84291	-54.91736	0	53	2021-08-28T06:20:32
12.84263	-54.91824	0	53	2021-08-28T06:25:35
12.84233	-54.91922	0	53	2021-08-28T06:30:33
12.84211	-54.92020	0	53	2021-08-28T06:35:30
12.84199	-54.92108	0	53	2021-08-28T06:40:31
12.84175	-54.92191	0	53	2021-08-28T06:45:29
12.84157	-54.92279	0	53	2021-08-28T06:50:29
12.84147	-54.92374	0	53	2021-08-28T06:55:30
12.84132	-54.92468	0	53	2021-08-28T07:00:27
12.84113	-54.92566	0	53	2021-08-28T07:05:24
12.84089	-54.92661	0	53	2021-08-28T07:10:25
12.84057	-54.92763	0	53	2021-08-28T07:15:25
12.84044	-54.92840	0	53	2021-08-28T07:20:25
12.84031	-54.92926	0	53	2021-08-28T07:25:24
12.84007	-54.93015	0	53	2021-08-28T07:30:23
12.83988	-54.93100	0	53	2021-08-28T07:35:21
12.83967	-54.93194	0	53	2021-08-28T07:40:21
12.83954	-54.93280	0	53	2021-08-28T07:45:20
12.83928	-54.93374	0	53	2021-08-28T07:50:23
12.83907	-54.93451	0	53	2021-08-28T07:55:22
12.83876	-54.93527	0	53	2021-08-28T08:00:25
12.83851	-54.93621	0	53	2021-08-28T08:05:20
12.83830	-54.93707	0	53	2021-08-28T08:10:20
12.83768	-54.93897	0	53	2021-08-28T08:20:19
12.83742	-54.93983	0	53	2021-08-28T08:25:19
12.83716	-54.94077	0	53	2021-08-28T08:30:19
12.83686	-54.94171	0	53	2021-08-28T08:35:16
12.83660	-54.94260	0	53	2021-08-28T08:40:13
12.83634	-54.94354	0	53	2021-08-28T08:45:14
12.83608	-54.94440	0	53	2021-08-28T08:50:14
12.83542	-54.94622	0	53	2021-08-28T09:00:09
12.83510	-54.94693	0	53	2021-08-28T09:05:09
12.83469	-54.94785	0	53	2021-08-28T09:10:10
12.83430	-54.94876	0	53	2021-08-28T09:15:55
12.83401	-54.94946	0	53	2021-08-28T09:20:09
12.83368	-54.95037	0	53	2021-08-28T09:25:05
12.83347	-54.95114	0	53	2021-08-28T09:30:05
12.83321	-54.95200	0	53	2021-08-28T09:35:04
12.83292	-54.95288	0	53	2021-08-28T09:40:05
12.83271	-54.95367	0	53	2021-08-28T09:45:05
12.83251	-54.95438	0	53	2021-08-28T09:50:02
12.83224	-54.95508	0	53	2021-08-28T09:54:59
12.83193	-54.95587	0	53	2021-08-28T10:00:00
12.83168	-54.95663	0	53	2021-08-28T10:04:57
12.83139	-54.95755	0	53	2021-08-28T10:09:57
12.83111	-54.95853	0	53	2021-08-28T10:15:25
12.83089	-54.95929	0	53	2021-08-28T10:19:56
12.83066	-54.96008	0	53	2021-08-28T10:24:54
12.83034	-54.96106	0	53	2021-08-28T10:29:56
12.82999	-54.96208	0	53	2021-08-28T10:34:55
12.82965	-54.96311	0	53	2021-08-28T10:39:55
12.82935	-54.96414	0	53	2021-08-28T10:44:56
12.82901	-54.96527	0	53	2021-08-28T10:49:53
12.82865	-54.96634	0	53	2021-08-28T10:54:54
12.82838	-54.96747	0	53	2021-08-28T10:59:51
12.82814	-54.96863	0	53	2021-08-28T11:04:49
12.82796	-54.96982	0	53	2021-08-28T11:10:28
12.82770	-54.97128	0	53	2021-08-28T11:15:28
12.82748	-54.97234	0	53	2021-08-28T11:19:51
12.82727	-54.97354	0	53	2021-08-28T11:24:51
12.82706	-54.97476	0	53	2021-08-28T11:29:48
12.82679	-54.97596	0	53	2021-08-28T11:34:45
12.82653	-54.97708	0	53	2021-08-28T11:39:45
12.82541	-54.98054	0	53	2021-08-28T11:54:53
12.82495	-54.98157	0	53	2021-08-28T11:59:54
12.82447	-54.98260	0	53	2021-08-28T12:04:53
12.82405	-54.98367	0	53	2021-08-28T12:09:55
12.82371	-54.98499	0	53	2021-08-28T12:14:57
12.82341	-54.98593	0	53	2021-08-28T12:19:57
12.82303	-54.98712	0	53	2021-08-28T12:24:59
12.82259	-54.98825	0	53	2021-08-28T12:29:59
12.82216	-54.98951	0	53	2021-08-28T12:35:00
12.82169	-54.99054	0	53	2021-08-28T12:40:01
12.82120	-54.99158	0	53	2021-08-28T12:45:00
12.82080	-54.99252	0	53	2021-08-28T12:50:01
12.82034	-54.99365	0	53	2021-08-28T12:55:00
12.82000	-54.99459	0	53	2021-08-28T13:00:00
12.81953	-54.99545	0	53	2021-08-28T13:05:01
12.81909	-54.99637	0	53	2021-08-28T13:10:02
12.81863	-54.99731	0	53	2021-08-28T13:15:25
12.81815	-54.99819	0	53	2021-08-28T13:20:02
12.81772	-54.99905	0	53	2021-08-28T13:25:01
12.81736	-54.99985	0	53	2021-08-28T13:30:05
12.81698	-55.00073	0	53	2021-08-28T13:35:02
12.81653	-55.00165	0	53	2021-08-28T13:40:03
12.81618	-55.00251	0	53	2021-08-28T13:45:04
12.81588	-55.00345	0	53	2021-08-28T13:50:04
12.81551	-55.00455	0	53	2021-08-28T13:55:05
12.81477	-55.00677	0	53	2021-08-28T14:05:27
12.81449	-55.00778	0	53	2021-08-28T14:10:03
12.81417	-55.00900	0	53	2021-08-28T14:15:27
12.81390	-55.01001	0	53	2021-08-28T14:20:01
12.81365	-55.01099	0	53	2021-08-28T14:24:59
12.81352	-55.01202	0	53	2021-08-28T14:30:00
12.81328	-55.01321	0	53	2021-08-28T14:34:57
12.81294	-55.01544	0	53	2021-08-28T14:44:55
12.81279	-55.01654	0	53	2021-08-28T14:49:58
12.81260	-55.01776	0	53	2021-08-28T14:54:56
12.81245	-55.01892	0	53	2021-08-28T14:59:54
12.81175	-55.02401	0	53	2021-08-28T15:19:56
12.81160	-55.02527	0	53	2021-08-28T15:24:58
12.81141	-55.02667	0	53	2021-08-28T15:29:55
12.81122	-55.02817	0	53	2021-08-28T15:34:56
12.81106	-55.02973	0	53	2021-08-28T15:39:53
12.81097	-55.03127	0	53	2021-08-28T15:44:54
12.81080	-55.03281	0	53	2021-08-28T15:49:54
12.81063	-55.03439	0	53	2021-08-28T15:54:54
12.81054	-55.03592	0	53	2021-08-28T15:59:51
12.81048	-55.03738	0	53	2021-08-28T16:04:52
12.81043	-55.03891	0	53	2021-08-28T16:09:49
12.81034	-55.04056	0	53	2021-08-28T16:15:25
12.81021	-55.04190	0	53	2021-08-28T16:19:45
12.80999	-55.04343	0	53	2021-08-28T16:24:45
12.80983	-55.04480	0	53	2021-08-28T16:29:43
12.80961	-55.04626	0	53	2021-08-28T16:34:44
12.80932	-55.04767	0	53	2021-08-28T16:39:41
12.80899	-55.04910	0	53	2021-08-28T16:44:43
12.80838	-55.05173	0	53	2021-08-28T16:54:42
12.80815	-55.05283	0	53	2021-08-28T16:59:40
12.80786	-55.05405	0	53	2021-08-28T17:04:41
12.80755	-55.05521	0	53	2021-08-28T17:09:40
12.80728	-55.05640	0	53	2021-08-28T17:14:56
12.80705	-55.05746	0	53	2021-08-28T17:19:39
12.80675	-55.05865	0	53	2021-08-28T17:24:40
12.80643	-55.05978	0	53	2021-08-28T17:29:41
12.80607	-55.06091	0	53	2021-08-28T17:34:41
12.80581	-55.06211	0	53	2021-08-28T17:39:41
12.80547	-55.06323	0	53	2021-08-28T17:44:40
12.80509	-55.06436	0	53	2021-08-28T17:49:40
12.80472	-55.06563	0	53	2021-08-28T17:54:44
12.80446	-55.06683	0	53	2021-08-28T17:59:43
12.80417	-55.06793	0	53	2021-08-28T18:04:43
12.80393	-55.06915	0	53	2021-08-28T18:09:44
12.80374	-55.07047	0	53	2021-08-28T18:15:10
12.80356	-55.07156	0	53	2021-08-28T18:19:41
12.80330	-55.07285	0	53	2021-08-28T18:24:43
12.80310	-55.07413	0	53	2021-08-28T18:29:40
12.80293	-55.07540	0	53	2021-08-28T18:34:41
12.80272	-55.07660	0	53	2021-08-28T18:39:41
12.80248	-55.07803	0	53	2021-08-28T18:44:43
12.80225	-55.07944	0	53	2021-08-28T18:49:47
12.80202	-55.08078	0	53	2021-08-28T18:54:47
12.80179	-55.08218	0	53	2021-08-28T18:59:47
12.80157	-55.08353	0	53	2021-08-28T19:04:49
12.80140	-55.08487	0	53	2021-08-28T19:09:49
12.80121	-55.08649	0	53	2021-08-28T19:15:26
12.80110	-55.08780	0	53	2021-08-28T19:19:53
12.80103	-55.08911	0	53	2021-08-28T19:24:53
12.80092	-55.09048	0	53	2021-08-28T19:29:51
12.80079	-55.09180	0	53	2021-08-28T19:34:54
12.80065	-55.09311	0	53	2021-08-28T19:39:54
12.80038	-55.09445	0	53	2021-08-28T19:44:56
12.80017	-55.09582	0	53	2021-08-28T19:49:56
12.79996	-55.09711	0	53	2021-08-28T19:54:55
12.79967	-55.09845	0	53	2021-08-28T19:59:55
12.79944	-55.09979	0	53	2021-08-28T20:04:56
12.79909	-55.10112	0	53	2021-08-28T20:10:55
12.79888	-55.10275	0	53	2021-08-28T20:15:55
12.79858	-55.10385	0	53	2021-08-28T20:19:58
12.79822	-55.10520	0	53	2021-08-28T20:25:03
12.79788	-55.10640	0	53	2021-08-28T20:30:04
12.79754	-55.10760	0	53	2021-08-28T20:35:04
12.79715	-55.10880	0	53	2021-08-28T20:40:04
12.79675	-55.11002	0	53	2021-08-28T20:45:07
12.79641	-55.11115	0	53	2021-08-28T20:50:04
12.79606	-55.11240	0	53	2021-08-28T20:55:05
12.79575	-55.11359	0	53	2021-08-28T21:00:04
12.79544	-55.11484	0	53	2021-08-28T21:05:28
12.79527	-55.11596	0	53	2021-08-28T21:10:27
12.79501	-55.11716	0	53	2021-08-28T21:15:27
12.79479	-55.11832	0	53	2021-08-28T21:20:01
12.79456	-55.11957	0	53	2021-08-28T21:25:02
12.79435	-55.12076	0	53	2021-08-28T21:29:59
12.79421	-55.12202	0	53	2021-08-28T21:34:56
12.79404	-55.12314	0	53	2021-08-28T21:39:56
12.79391	-55.12436	0	53	2021-08-28T21:44:56
12.79372	-55.12561	0	53	2021-08-28T21:49:55
12.79354	-55.12689	0	53	2021-08-28T21:54:54
12.79332	-55.12820	0	53	2021-08-28T21:59:53
12.79311	-55.12958	0	53	2021-08-28T22:04:52
12.79296	-55.13098	0	53	2021-08-28T22:09:51
12.79281	-55.13268	0	53	2021-08-28T22:14:47
12.79272	-55.13397	0	53	2021-08-28T22:19:48
12.79265	-55.13535	0	53	2021-08-28T22:24:49
12.79265	-55.13675	0	53	2021-08-28T22:29:46
12.79267	-55.13816	0	53	2021-08-28T22:34:46
12.79267	-55.13953	0	53	2021-08-28T22:39:45
12.79267	-55.14090	0	53	2021-08-28T22:44:45
12.79266	-55.14236	0	53	2021-08-28T22:49:46
12.79262	-55.14395	0	53	2021-08-28T22:54:47
12.79262	-55.14532	0	53	2021-08-28T22:59:47
12.79261	-55.14673	0	53	2021-08-28T23:04:45
12.79266	-55.14816	0	53	2021-08-28T23:09:44
12.79277	-55.14968	0	53	2021-08-28T23:14:42
12.79281	-55.15097	0	53	2021-08-28T23:19:42
12.79285	-55.15234	0	53	2021-08-28T23:24:41
12.79301	-55.15372	0	53	2021-08-28T23:29:40
12.79312	-55.15513	0	53	2021-08-28T23:34:38
12.79321	-55.15659	0	53	2021-08-28T23:39:39
12.79339	-55.15799	0	53	2021-08-28T23:44:40
12.79357	-55.15945	0	53	2021-08-28T23:49:39
12.79376	-55.16095	0	53	2021-08-28T23:54:40
12.79406	-55.16248	0	53	2021-08-28T23:59:39
12.79427	-55.16394	0	53	2021-08-29T00:04:39
12.79453	-55.16534	0	53	2021-08-29T00:09:36
12.79480	-55.16666	0	53	2021-08-29T00:14:55
12.79507	-55.16809	0	53	2021-08-29T00:19:34
12.79536	-55.16964	0	53	2021-08-29T00:24:30
12.79557	-55.17101	0	53	2021-08-29T00:29:29
12.79578	-55.17230	0	53	2021-08-29T00:34:29
12.79607	-55.17370	0	53	2021-08-29T00:39:30
12.79628	-55.17499	0	53	2021-08-29T00:44:30
12.79649	-55.17636	0	53	2021-08-29T00:49:30
12.79703	-55.17938	0	53	2021-08-29T01:02:35
12.79715	-55.18048	0	53	2021-08-29T01:07:34
12.79716	-55.18050	0	53	2021-08-29T01:07:35
12.79720	-55.18170	0	53	2021-08-29T01:12:35
12.79728	-55.18286	0	53	2021-08-29T01:17:36
12.79737	-55.18399	0	53	2021-08-29T01:22:38
12.79749	-55.18512	0	53	2021-08-29T01:27:32
12.79757	-55.18625	0	53	2021-08-29T01:32:34
12.79769	-55.18732	0	53	2021-08-29T01:37:36
12.79778	-55.18839	0	53	2021-08-29T01:42:37
12.79796	-55.18945	0	53	2021-08-29T01:47:39
12.79819	-55.19049	0	53	2021-08-29T01:51:57
12.79847	-55.19165	0	53	2021-08-29T01:56:57
12.79924	-55.19531	0	53	2021-08-29T02:11:55
12.80182	-55.20349	0	53	2021-08-29T02:48:08
12.70186	-55.85596	0	53	2021-09-01T07:06:57
12.70169	-55.85641	0	53	2021-09-01T07:11:07
12.70147	-55.85699	0	53	2021-09-01T07:16:05
12.70127	-55.85762	0	53	2021-09-01T07:21:05
12.70110	-55.85822	0	53	2021-09-01T07:26:05
12.70091	-55.85873	0	53	2021-09-01T07:31:07
12.70067	-55.85938	0	53	2021-09-01T07:36:04
12.70043	-55.86005	0	53	2021-09-01T07:41:05
12.69963	-55.86280	0	53	2021-09-01T08:01:04
12.69946	-55.86357	0	53	2021-09-01T08:06:04
12.69937	-55.86417	0	53	2021-09-01T08:11:03
12.69927	-55.86493	0	53	2021-09-01T08:16:03
12.69920	-55.86566	0	53	2021-09-01T08:21:04
12.69908	-55.86647	0	53	2021-09-01T08:26:05
12.69892	-55.86731	0	53	2021-09-01T08:31:04
12.69870	-55.86819	0	53	2021-09-01T08:36:05
12.69845	-55.86905	0	53	2021-09-01T08:41:03
12.69822	-55.86981	0	53	2021-09-01T08:46:01
12.69794	-55.87066	0	53	2021-09-01T08:51:01
12.69777	-55.87143	0	53	2021-09-01T08:56:02
12.69755	-55.87219	0	53	2021-09-01T09:00:59
12.69718	-55.87305	0	53	2021-09-01T09:06:30
12.69687	-55.87375	0	53	2021-09-01T09:10:58
12.69656	-55.87442	0	53	2021-09-01T09:15:58
12.69620	-55.87509	0	53	2021-09-01T09:20:58
12.69576	-55.87573	0	53	2021-09-01T09:26:00
12.69544	-55.87645	0	53	2021-09-01T09:31:01
12.69514	-55.87714	0	53	2021-09-01T09:36:01
12.69484	-55.87787	0	53	2021-09-01T09:41:01
12.69449	-55.87845	0	53	2021-09-01T09:46:03
12.69414	-55.87912	0	53	2021-09-01T09:51:01
12.69375	-55.87982	0	53	2021-09-01T09:56:02
12.69334	-55.88049	0	53	2021-09-01T10:01:04
12.69293	-55.88135	0	53	2021-09-01T10:06:26
12.69202	-55.88301	0	53	2021-09-01T10:16:01
12.69159	-55.88378	0	53	2021-09-01T10:21:01
12.69116	-55.88455	0	53	2021-09-01T10:26:01
12.69079	-55.88538	0	53	2021-09-01T10:30:59
12.69037	-55.88616	0	53	2021-09-01T10:35:57
12.68994	-55.88693	0	53	2021-09-01T10:40:57
12.68893	-55.88953	0	53	2021-09-01T10:56:30
12.68869	-55.89035	0	53	2021-09-01T11:00:56
12.68850	-55.89142	0	53	2021-09-01T11:06:31
12.68835	-55.89227	0	53	2021-09-01T11:10:55
12.68820	-55.89328	0	53	2021-09-01T11:15:58
12.68806	-55.89429	0	53	2021-09-01T11:20:59
12.68799	-55.89529	0	53	2021-09-01T11:26:01
12.68793	-55.89627	0	53	2021-09-01T11:30:58
12.68780	-55.89721	0	53	2021-09-01T11:35:56
12.68771	-55.89807	0	53	2021-09-01T11:40:56
12.68764	-55.89899	0	53	2021-09-01T11:45:57
12.68757	-55.89984	0	53	2021-09-01T11:50:54
12.68751	-55.90077	0	53	2021-09-01T11:56:57
12.68747	-55.90171	0	53	2021-09-01T12:01:57
12.68751	-55.90265	0	53	2021-09-01T12:06:58
12.68746	-55.90338	0	53	2021-09-01T12:10:50
12.68744	-55.90417	0	53	2021-09-01T12:15:51
12.68737	-55.90599	0	53	2021-09-01T12:25:53
12.68737	-55.90676	0	53	2021-09-01T12:30:53
12.68737	-55.90762	0	53	2021-09-01T12:35:54
12.68733	-55.90860	0	53	2021-09-01T12:40:54
12.68726	-55.90967	0	53	2021-09-01T12:45:56
12.68712	-55.91074	0	53	2021-09-01T12:50:56
12.68690	-55.91171	0	53	2021-09-01T12:55:57
12.68649	-55.91386	0	53	2021-09-01T13:06:05
12.68628	-55.91480	0	53	2021-09-01T13:11:04
12.68598	-55.91574	0	53	2021-09-01T13:16:04
12.68571	-55.91672	0	53	2021-09-01T13:21:01
12.68546	-55.91776	0	53	2021-09-01T13:26:02
12.68512	-55.91879	0	53	2021-09-01T13:31:03
12.68404	-55.92192	0	53	2021-09-01T13:46:02
12.68374	-55.92286	0	53	2021-09-01T13:51:03
12.68340	-55.92380	0	53	2021-09-01T13:56:03
12.68310	-55.92477	0	53	2021-09-01T14:01:04
12.68274	-55.92590	0	53	2021-09-01T14:06:28
12.68237	-55.92690	0	53	2021-09-01T14:11:02
12.68214	-55.92792	0	53	2021-09-01T14:16:03
12.68177	-55.92905	0	53	2021-09-01T14:21:03
12.68106	-55.93141	0	53	2021-09-01T14:31:02
12.68072	-55.93253	0	53	2021-09-01T14:36:03
12.68038	-55.93347	0	53	2021-09-01T14:41:03
12.67949	-55.93549	0	53	2021-09-01T14:51:09
12.67907	-55.93646	0	53	2021-09-01T14:56:07
12.67873	-55.93732	0	53	2021-09-01T15:01:07
12.67835	-55.93839	0	53	2021-09-01T15:06:31
12.67811	-55.93918	0	53	2021-09-01T15:11:06
12.67781	-55.94012	0	53	2021-09-01T15:16:06
12.67740	-55.94116	0	53	2021-09-01T15:21:07
12.67701	-55.94210	0	53	2021-09-01T15:26:07
12.67671	-55.94287	0	53	2021-09-01T15:31:07
12.67628	-55.94373	0	53	2021-09-01T15:36:05
12.67593	-55.94446	0	53	2021-09-01T15:41:06
12.67557	-55.94531	0	53	2021-09-01T15:46:04
12.67409	-55.94949	0	53	2021-09-01T16:11:04
12.67379	-55.95018	0	53	2021-09-01T16:16:04
12.67353	-55.95087	0	53	2021-09-01T16:21:05
12.67329	-55.95163	0	53	2021-09-01T16:26:02
12.67268	-55.95316	0	53	2021-09-01T16:35:55
12.67242	-55.95398	0	53	2021-09-01T16:40:56
12.67203	-55.95462	0	53	2021-09-01T16:45:54
12.67157	-55.95538	0	53	2021-09-01T16:51:06
12.67121	-55.95609	0	53	2021-09-01T16:55:55
12.67083	-55.95679	0	53	2021-09-01T17:00:56
12.67039	-55.95776	0	53	2021-09-01T17:06:33
12.67007	-55.95840	0	53	2021-09-01T17:10:55
12.66974	-55.95911	0	53	2021-09-01T17:15:58
12.66939	-55.95990	0	53	2021-09-01T17:20:56
12.66904	-55.96078	0	53	2021-09-01T17:25:53
12.66866	-55.96164	0	53	2021-09-01T17:30:55
12.66831	-55.96252	0	53	2021-09-01T17:35:55
12.66801	-55.96338	0	53	2021-09-01T17:40:56
12.66770	-55.96417	0	53	2021-09-01T17:45:53
12.66734	-55.96503	0	53	2021-09-01T17:50:54
12.66703	-55.96591	0	53	2021-09-01T17:55:55
12.66668	-55.96683	0	53	2021-09-01T18:01:27
12.66642	-55.96786	0	53	2021-09-01T18:06:27
12.66612	-55.96863	0	53	2021-09-01T18:10:49
12.66577	-55.96942	0	53	2021-09-01T18:15:50
12.66541	-55.97018	0	53	2021-09-01T18:20:48
12.66505	-55.97100	0	53	2021-09-01T18:25:47
12.66466	-55.97177	0	53	2021-09-01T18:30:46
12.66433	-55.97247	0	53	2021-09-01T18:35:49
12.66368	-55.97393	0	53	2021-09-01T18:45:48
12.66338	-55.97462	0	53	2021-09-01T18:50:48
12.66308	-55.97531	0	53	2021-09-01T18:55:48
12.66276	-55.97620	0	53	2021-09-01T19:00:51
12.66234	-55.97708	0	53	2021-09-01T19:06:26
12.66203	-55.97775	0	53	2021-09-01T19:10:44
12.66162	-55.97855	0	53	2021-09-01T19:15:45
12.66123	-55.97934	0	53	2021-09-01T19:20:46
12.66076	-55.98021	0	53	2021-09-01T19:25:47
12.66035	-55.98105	0	53	2021-09-01T19:30:46
12.65982	-55.98193	0	53	2021-09-01T19:35:47
12.65942	-55.98282	0	53	2021-09-01T19:40:45
12.65900	-55.98364	0	53	2021-09-01T19:45:45
12.65866	-55.98450	0	53	2021-09-01T19:50:44
12.65742	-55.98676	0	53	2021-09-01T20:06:12
12.65693	-55.98738	0	53	2021-09-01T20:10:43
12.65646	-55.98798	0	53	2021-09-01T20:15:44
12.65590	-55.98859	0	53	2021-09-01T20:20:41
12.65526	-55.98927	0	53	2021-09-01T20:25:41
12.65466	-55.98987	0	53	2021-09-01T20:30:41
12.65394	-55.99058	0	53	2021-09-01T20:35:47
12.65317	-55.99118	0	53	2021-09-01T20:40:47
12.65246	-55.99191	0	53	2021-09-01T20:45:36
12.65139	-55.99286	0	53	2021-09-01T20:51:59
12.65079	-55.99332	0	53	2021-09-01T20:55:34
12.64991	-55.99402	0	53	2021-09-01T21:00:35
12.64901	-55.99479	0	53	2021-09-01T21:05:34
12.64837	-55.99548	0	53	2021-09-01T21:10:34
12.64763	-55.99636	0	53	2021-09-01T21:15:35
12.64690	-55.99713	0	53	2021-09-01T21:20:35
12.64612	-55.99796	0	53	2021-09-01T21:25:36
12.64432	-55.99962	0	53	2021-09-01T21:35:35
12.64339	-56.00046	0	53	2021-09-01T21:40:34
12.64244	-56.00125	0	53	2021-09-01T21:45:36
12.64152	-56.00204	0	53	2021-09-01T21:50:37
12.64056	-56.00280	0	53	2021-09-01T21:55:37
12.63966	-56.00357	0	53	2021-09-01T22:00:37
12.63869	-56.00449	0	53	2021-09-01T22:06:10
12.63790	-56.00522	0	53	2021-09-01T22:10:33
12.63700	-56.00598	0	53	2021-09-01T22:15:32
12.63614	-56.00680	0	53	2021-09-01T22:20:31
12.63532	-56.00757	0	53	2021-09-01T22:25:31
12.63445	-56.00842	0	53	2021-09-01T22:30:32
12.63358	-56.00927	0	53	2021-09-01T22:35:30
12.63276	-56.01004	0	53	2021-09-01T22:40:30
12.63202	-56.01089	0	53	2021-09-01T22:45:27
12.63126	-56.01181	0	53	2021-09-01T22:50:28
12.63043	-56.01270	0	53	2021-09-01T22:55:25
12.62955	-56.01366	0	53	2021-09-01T23:00:23
12.62869	-56.01460	0	53	2021-09-01T23:05:23
12.62796	-56.01529	0	53	2021-09-01T23:10:24
12.62715	-56.01608	0	53	2021-09-01T23:15:23
12.62646	-56.01701	0	53	2021-09-01T23:20:21
12.62569	-56.01795	0	53	2021-09-01T23:25:21
12.62496	-56.01889	0	53	2021-09-01T23:30:20
12.62420	-56.01984	0	53	2021-09-01T23:35:17
12.62343	-56.02081	0	53	2021-09-01T23:40:18
12.62265	-56.02192	0	53	2021-09-01T23:45:18
12.62183	-56.02286	0	53	2021-09-01T23:50:18
12.62104	-56.02399	0	53	2021-09-01T23:55:20
12.62022	-56.02496	0	53	2021-09-02T00:00:21
12.61936	-56.02641	0	53	2021-09-02T00:05:18
12.61880	-56.02744	0	53	2021-09-02T00:10:19
12.61816	-56.02856	0	53	2021-09-02T00:15:19
12.61752	-56.02966	0	53	2021-09-02T00:20:16
12.61685	-56.03082	0	53	2021-09-02T00:25:16
12.61614	-56.03194	0	53	2021-09-02T00:30:13
12.61550	-56.03297	0	53	2021-09-02T00:35:12
12.61490	-56.03409	0	53	2021-09-02T00:40:12
12.61440	-56.03531	0	53	2021-09-02T00:45:10
12.61382	-56.03659	0	53	2021-09-02T00:50:09
12.61332	-56.03784	0	53	2021-09-02T00:55:11
12.61277	-56.03909	0	53	2021-09-02T01:00:08
12.61224	-56.04045	0	53	2021-09-02T01:05:09
12.61180	-56.04163	0	53	2021-09-02T01:10:16
12.61126	-56.04294	0	53	2021-09-02T01:15:09
12.61023	-56.04554	0	53	2021-09-02T01:25:07
12.60967	-56.04674	0	53	2021-09-02T01:30:06
12.60920	-56.04794	0	53	2021-09-02T01:35:06
12.60887	-56.04922	0	53	2021-09-02T01:40:04
12.60847	-56.05048	0	53	2021-09-02T01:45:05
12.60806	-56.05186	0	53	2021-09-02T01:50:02
12.60776	-56.05306	0	53	2021-09-02T01:55:02
12.60733	-56.05426	0	53	2021-09-02T02:00:03
12.60684	-56.05560	0	53	2021-09-02T02:05:29
12.60654	-56.05675	0	53	2021-09-02T02:10:04
12.60615	-56.05804	0	53	2021-09-02T02:15:04
12.60582	-56.05936	0	53	2021-09-02T02:20:02
12.60549	-56.06067	0	53	2021-09-02T02:25:04
12.60517	-56.06204	0	53	2021-09-02T02:30:05
12.60491	-56.06342	0	53	2021-09-02T02:35:09
12.60462	-56.06470	0	53	2021-09-02T02:40:09
12.60441	-56.06601	0	53	2021-09-02T02:45:11
12.60409	-56.06745	0	53	2021-09-02T02:50:11
12.60396	-56.06882	0	53	2021-09-02T02:55:12
12.60379	-56.07019	0	53	2021-09-02T03:00:12
12.60357	-56.07187	0	53	2021-09-02T03:05:37
12.60332	-56.07330	0	53	2021-09-02T03:10:15
12.60283	-56.07657	0	53	2021-09-02T03:20:13
12.60257	-56.07820	0	53	2021-09-02T03:25:13
12.60236	-56.07983	0	53	2021-09-02T03:30:14
12.60212	-56.08160	0	53	2021-09-02T03:35:15
12.60188	-56.08337	0	53	2021-09-02T03:40:13
12.60162	-56.08517	0	53	2021-09-02T03:45:13
12.60130	-56.08694	0	53	2021-09-02T03:50:13
12.60075	-56.09065	0	53	2021-09-02T04:00:10
12.60055	-56.09241	0	53	2021-09-02T04:05:38
12.60041	-56.09399	0	53	2021-09-02T04:10:10
12.60018	-56.09576	0	53	2021-09-02T04:15:11
12.59996	-56.09741	0	53	2021-09-02T04:20:11
12.59973	-56.09912	0	53	2021-09-02T04:25:11
12.59947	-56.10080	0	53	2021-09-02T04:30:13
12.59911	-56.10257	0	53	2021-09-02T04:35:13
12.59887	-56.10419	0	53	2021-09-02T04:40:11
12.59851	-56.10583	0	53	2021-09-02T04:45:12
12.59814	-56.10760	0	53	2021-09-02T04:50:15
12.59775	-56.10938	0	53	2021-09-02T04:55:13
12.59710	-56.11307	0	53	2021-09-02T05:05:57
12.59685	-56.11455	0	53	2021-09-02T05:10:15
12.59664	-56.11609	0	53	2021-09-02T05:15:14
12.59642	-56.11771	0	53	2021-09-02T05:20:14
12.59620	-56.11943	0	53	2021-09-02T05:25:12
12.59599	-56.12106	0	53	2021-09-02T05:30:12
12.59575	-56.12262	0	53	2021-09-02T05:35:13
12.59552	-56.12425	0	53	2021-09-02T05:40:12
12.59531	-56.12571	0	53	2021-09-02T05:45:11
12.59514	-56.12708	0	53	2021-09-02T05:50:11
12.59495	-56.12860	0	53	2021-09-02T05:55:08
12.59470	-56.13016	0	53	2021-09-02T06:00:09
12.59447	-56.13181	0	53	2021-09-02T06:05:09
12.59426	-56.13318	0	53	2021-09-02T06:10:08
12.59408	-56.13474	0	53	2021-09-02T06:15:07
12.59389	-56.13641	0	53	2021-09-02T06:20:08
12.59374	-56.13803	0	53	2021-09-02T06:25:06
12.59359	-56.13965	0	53	2021-09-02T06:30:09
12.59355	-56.14111	0	53	2021-09-02T06:35:08
12.59355	-56.14255	0	53	2021-09-02T06:40:07
12.59351	-56.14407	0	53	2021-09-02T06:45:05
12.59349	-56.14556	0	53	2021-09-02T06:50:06
12.59349	-56.14702	0	53	2021-09-02T06:55:07
12.59345	-56.14856	0	53	2021-09-02T07:00:07
12.59333	-56.15018	0	53	2021-09-02T07:05:25
12.59325	-56.15168	0	53	2021-09-02T07:10:08
12.59325	-56.15305	0	53	2021-09-02T07:15:07
12.59317	-56.15457	0	53	2021-09-02T07:20:06
12.59308	-56.15601	0	53	2021-09-02T07:25:04
12.59294	-56.15757	0	53	2021-09-02T07:30:04
12.59268	-56.15920	0	53	2021-09-02T07:35:03
12.59247	-56.16083	0	53	2021-09-02T07:40:03
12.59227	-56.16257	0	53	2021-09-02T07:45:03
12.59204	-56.16422	0	53	2021-09-02T07:50:05
12.59184	-56.16586	0	53	2021-09-02T07:55:08
12.59183	-56.16745	0	53	2021-09-02T08:00:07
12.59184	-56.16922	0	53	2021-09-02T08:05:27
12.59180	-56.17073	0	53	2021-09-02T08:10:08
12.59180	-56.17219	0	53	2021-09-02T08:15:08
12.59180	-56.17365	0	53	2021-09-02T08:20:07
12.59176	-56.17505	0	53	2021-09-02T08:25:10
12.59169	-56.17793	0	53	2021-09-02T08:35:06
12.59169	-56.17930	0	53	2021-09-02T08:40:06
12.59169	-56.18076	0	53	2021-09-02T08:45:07
12.59166	-56.18216	0	53	2021-09-02T08:50:08
12.59163	-56.18369	0	53	2021-09-02T08:55:11
12.59168	-56.18512	0	53	2021-09-02T09:00:09
12.59166	-56.18665	0	53	2021-09-02T09:05:38
12.59175	-56.18805	0	53	2021-09-02T09:10:11
12.59187	-56.18961	0	53	2021-09-02T09:15:12
12.59197	-56.19107	0	53	2021-09-02T09:20:11
12.59208	-56.19257	0	53	2021-09-02T09:25:10
12.59222	-56.19409	0	53	2021-09-02T09:30:09
12.59232	-56.19562	0	53	2021-09-02T09:35:08
12.59249	-56.19723	0	53	2021-09-02T09:40:05
12.59249	-56.19869	0	53	2021-09-02T09:45:05
12.59258	-56.20023	0	53	2021-09-02T09:50:06
12.59269	-56.20181	0	53	2021-09-02T09:55:07
12.59279	-56.20337	0	53	2021-09-02T10:00:08
12.59291	-56.20508	0	53	2021-09-02T10:05:28
12.59305	-56.20645	0	53	2021-09-02T10:10:05
12.59330	-56.20795	0	53	2021-09-02T10:15:07
12.59351	-56.20945	0	53	2021-09-02T10:20:03
12.59368	-56.21091	0	53	2021-09-02T10:25:03
12.59387	-56.21246	0	53	2021-09-02T10:30:05
12.59408	-56.21399	0	53	2021-09-02T10:35:06
12.59428	-56.21551	0	53	2021-09-02T10:40:04
12.59445	-56.21705	0	53	2021-09-02T10:45:04
12.59462	-56.21851	0	53	2021-09-02T10:50:05
12.59492	-56.22000	0	53	2021-09-02T10:55:05
12.59528	-56.22150	0	53	2021-09-02T11:00:03
12.59564	-56.22305	0	53	2021-09-02T11:05:29
12.59590	-56.22437	0	53	2021-09-02T11:10:01
12.59621	-56.22577	0	53	2021-09-02T11:15:01
12.59642	-56.22708	0	53	2021-09-02T11:19:59
12.59660	-56.22849	0	53	2021-09-02T11:24:59
12.59676	-56.22980	0	53	2021-09-02T11:29:57
12.59705	-56.23120	0	53	2021-09-02T11:35:00
12.59733	-56.23257	0	53	2021-09-02T11:39:58
12.59754	-56.23398	0	53	2021-09-02T11:44:59
12.59786	-56.23548	0	53	2021-09-02T11:50:00
12.59820	-56.23685	0	53	2021-09-02T11:55:00
12.59853	-56.23825	0	53	2021-09-02T11:59:58
12.59890	-56.23975	0	53	2021-09-02T12:05:25
12.59929	-56.24100	0	53	2021-09-02T12:09:52
12.59963	-56.24237	0	53	2021-09-02T12:14:52
12.59998	-56.24380	0	53	2021-09-02T12:19:49
12.60028	-56.24512	0	53	2021-09-02T12:24:49
12.60060	-56.24643	0	53	2021-09-02T12:29:47
12.60090	-56.24789	0	53	2021-09-02T12:34:47
12.60124	-56.24930	0	53	2021-09-02T12:39:46
12.60158	-56.25067	0	53	2021-09-02T12:44:46
12.60183	-56.25214	0	53	2021-09-02T12:49:44
12.60211	-56.25351	0	53	2021-09-02T12:54:43
12.60248	-56.25491	0	53	2021-09-02T12:59:45
12.60325	-56.25773	0	53	2021-09-02T13:09:43
12.60364	-56.25910	0	53	2021-09-02T13:14:44
12.60403	-56.26047	0	53	2021-09-02T13:19:44
12.60440	-56.26190	0	53	2021-09-02T13:24:45
12.60479	-56.26331	0	53	2021-09-02T13:29:46
12.60519	-56.26474	0	53	2021-09-02T13:34:46
12.60545	-56.26620	0	53	2021-09-02T13:39:45
12.60584	-56.26762	0	53	2021-09-02T13:44:44
12.60627	-56.26899	0	53	2021-09-02T13:49:44
12.60674	-56.27036	0	53	2021-09-02T13:54:43
12.60719	-56.27173	0	53	2021-09-02T13:59:42
12.60771	-56.27322	0	53	2021-09-02T14:05:10
12.60849	-56.27585	0	53	2021-09-02T14:14:42
12.60894	-56.27722	0	53	2021-09-02T14:19:43
12.60939	-56.27869	0	53	2021-09-02T14:24:39
12.60973	-56.28006	0	53	2021-09-02T14:29:38
12.61012	-56.28147	0	53	2021-09-02T14:34:42
12.61051	-56.28293	0	53	2021-09-02T14:39:42
12.61092	-56.28439	0	53	2021-09-02T14:44:40
12.61126	-56.28595	0	53	2021-09-02T14:49:41
12.61167	-56.28745	0	53	2021-09-02T14:54:41
12.61201	-56.28899	0	53	2021-09-02T15:00:09
12.61227	-56.29071	0	53	2021-09-02T15:05:10
12.61261	-56.29233	0	53	2021-09-02T15:09:41
12.61316	-56.29407	0	53	2021-09-02T15:14:43
12.61416	-56.29737	0	53	2021-09-02T15:24:41
12.61467	-56.29883	0	53	2021-09-02T15:29:40
12.61523	-56.30029	0	53	2021-09-02T15:34:40
12.61573	-56.30173	0	53	2021-09-02T15:39:40
12.61625	-56.30304	0	53	2021-09-02T15:44:41
12.61682	-56.30432	0	53	2021-09-02T15:49:40
12.61740	-56.30560	0	53	2021-09-02T15:54:41
12.61797	-56.30694	0	53	2021-09-02T15:59:34
12.61856	-56.30814	0	53	2021-09-02T16:04:54
12.61913	-56.30917	0	53	2021-09-02T16:09:35
12.61977	-56.31024	0	53	2021-09-02T16:14:35
12.62042	-56.31128	0	53	2021-09-02T16:19:35
12.62106	-56.31226	0	53	2021-09-02T16:24:36
12.62169	-56.31329	0	53	2021-09-02T16:29:35
12.62238	-56.31436	0	53	2021-09-02T16:34:38
12.62309	-56.31541	0	53	2021-09-02T16:39:39
12.62369	-56.31635	0	53	2021-09-02T16:44:38
12.62434	-56.31732	0	53	2021-09-02T16:49:38
12.62495	-56.31827	0	53	2021-09-02T16:54:38
12.62548	-56.31927	0	53	2021-09-02T16:59:39
12.62597	-56.32034	0	53	2021-09-02T17:05:00
12.62639	-56.32123	0	53	2021-09-02T17:09:37
12.62681	-56.32227	0	53	2021-09-02T17:14:31
12.62720	-56.32321	0	53	2021-09-02T17:19:31
12.62759	-56.32422	0	53	2021-09-02T17:24:32
12.62800	-56.32529	0	53	2021-09-02T17:29:32
12.62836	-56.32629	0	53	2021-09-02T17:34:33
12.62863	-56.32733	0	53	2021-09-02T17:39:31
12.62897	-56.32843	0	53	2021-09-02T17:44:32
12.62918	-56.32954	0	53	2021-09-02T17:49:33
12.62944	-56.33057	0	53	2021-09-02T17:54:33
12.62975	-56.33170	0	53	2021-09-02T17:59:31
12.63019	-56.33273	0	53	2021-09-02T18:04:58
12.63093	-56.33470	0	53	2021-09-02T18:14:37
12.63127	-56.33569	0	53	2021-09-02T18:19:34
12.63166	-56.33685	0	53	2021-09-02T18:24:37
12.63212	-56.33805	0	53	2021-09-02T18:29:32
12.63259	-56.33925	0	53	2021-09-02T18:34:33
12.63293	-56.34045	0	53	2021-09-02T18:39:33
12.63324	-56.34155	0	53	2021-09-02T18:44:34
12.63364	-56.34267	0	53	2021-09-02T18:49:35
12.63390	-56.34387	0	53	2021-09-02T18:54:36
12.63421	-56.34501	0	53	2021-09-02T18:59:55
12.63464	-56.34613	0	53	2021-09-02T19:04:54
12.63503	-56.34717	0	53	2021-09-02T19:09:31
12.63553	-56.34827	0	53	2021-09-02T19:14:31
12.63588	-56.34933	0	53	2021-09-02T19:19:35
12.63628	-56.35028	0	53	2021-09-02T19:24:30
12.63674	-56.35136	0	53	2021-09-02T19:29:29
12.63713	-56.35239	0	53	2021-09-02T19:34:28
12.63760	-56.35333	0	53	2021-09-02T19:39:28
12.63795	-56.35440	0	53	2021-09-02T19:44:25
12.63825	-56.35544	0	53	2021-09-02T19:49:26
12.63896	-56.35748	0	53	2021-09-02T19:59:24
12.63927	-56.35870	0	53	2021-09-02T20:04:59
12.63955	-56.35962	0	53	2021-09-02T20:09:23
12.64002	-56.36053	0	53	2021-09-02T20:14:23
12.64047	-56.36151	0	53	2021-09-02T20:19:24
12.64088	-56.36249	0	53	2021-09-02T20:24:23
12.64115	-56.36351	0	53	2021-09-02T20:29:24
12.64154	-56.36454	0	53	2021-09-02T20:34:23
12.64188	-56.36548	0	53	2021-09-02T20:39:23
12.64226	-56.36649	0	53	2021-09-02T20:44:21
12.64255	-56.36734	0	53	2021-09-02T20:49:22
12.64289	-56.36819	0	53	2021-09-02T20:54:21
12.64334	-56.36912	0	53	2021-09-02T20:59:57
12.64377	-56.37024	0	53	2021-09-02T21:04:57
12.64404	-56.37112	0	53	2021-09-02T21:09:21
12.64442	-56.37204	0	53	2021-09-02T21:14:17
12.64478	-56.37283	0	53	2021-09-02T21:19:15
12.64505	-56.37369	0	53	2021-09-02T21:24:16
12.64538	-56.37463	0	53	2021-09-02T21:29:15
12.64619	-56.37640	0	53	2021-09-02T21:39:07
12.64673	-56.37740	0	53	2021-09-02T21:44:07
12.64707	-56.37826	0	53	2021-09-02T21:49:07
12.64741	-56.37903	0	53	2021-09-02T21:54:06
