/* DATA DESCRIPTION:
Citation:	Horstmann, Jochen; Carrasco, Ruben; Calil, Paulo H R; Iudicone, Daniele; Pesant, Stephane; Erta, J M (2022): Track of Lagrangian drifter 63 during the Mission Microbiomes with the RV Tara along the eastern coast of Brazil [dataset]. PANGAEA, https://doi.org/10.1594/PANGAEA.948243, 
	In: Horstmann, J et al. (2022): Drifter position data from the eastern coast of Brazil during the project Mission Microbiomes with the RV Tara [dataset publication series]. PANGAEA, https://doi.org/10.1594/PANGAEA.948261
Project(s):	Atlantic ECOsystems assessment, forecasting & sustainability (AtlantECO) (URI: https://doi.org/10.3030/862923)
	Fondation Tara Expeditions (FondTara) (URI: https://fondationtaraocean.org/en/home/)
	Mission Microbiomes (MM2020) (URI: https://fondationtaraocean.org/expedition/mission-microbiomes/)
Funding:	Horizon 2020 of the European Commission (H2020) (URI: https://research-and-innovation.ec.europa.eu/funding/funding-opportunities/funding-programmes-and-open-calls/horizon-2020_en), grant/award no. 862923: Atlantic ECOsystems assessment, forecasting & sustainability (URI: https://doi.org/10.3030/862923)
Coverage:	MEDIAN LATITUDE: 7.155999 * MEDIAN LONGITUDE: -50.656842 * SOUTH-BOUND LATITUDE: 6.909570 * WEST-BOUND LONGITUDE: -51.461910 * NORTH-BOUND LATITUDE: 7.752060 * EAST-BOUND LONGITUDE: -50.037260
	DATE/TIME START: 2021-08-31T20:02:14 * DATE/TIME END: 2021-09-03T16:19:41
	MINIMUM DEPTH, water: 0 m * MAXIMUM DEPTH, water: 0 m
Event(s):	TARA_Microbiomes_DRIFT-63 * LATITUDE START: 7.525730 * LONGITUDE START: -50.040640 * LATITUDE END: 7.752060 * LONGITUDE END: -51.461910 * DATE/TIME START: 2021-08-31T20:02:14 * DATE/TIME END: 2021-09-03T16:19:41 * LOCATION: Eastern Brazilian coast * CAMPAIGN: MM20210824_LEG-05_035-040_Martin * BASIS: SV Tara (URI: https://en.wikipedia.org/wiki/Tara_expedition) * METHOD/DEVICE: Drifter (DRIFT)
Parameter(s):	LATITUDE (Latitude) * GEOCODE * PI: Horstmann, Jochen (https://orcid.org/0000-0002-7979-5736, jochen.horstmann@hereon.de, https://www.hzg.de/institutes_platforms/coastal_research/operational_systems/radar_hydrography/staff/046556/index.php.en) * METHOD/DEVICE: GPS receiver mounted on Lagrangian drifter
	LONGITUDE (Longitude) * GEOCODE * PI: Horstmann, Jochen (https://orcid.org/0000-0002-7979-5736, jochen.horstmann@hereon.de, https://www.hzg.de/institutes_platforms/coastal_research/operational_systems/radar_hydrography/staff/046556/index.php.en) * METHOD/DEVICE: GPS receiver mounted on Lagrangian drifter
	DEPTH, water [m] (Depth water) * GEOCODE * PI: Horstmann, Jochen (https://orcid.org/0000-0002-7979-5736, jochen.horstmann@hereon.de, https://www.hzg.de/institutes_platforms/coastal_research/operational_systems/radar_hydrography/staff/046556/index.php.en)
	Identification (ID) * PI: Horstmann, Jochen (https://orcid.org/0000-0002-7979-5736, jochen.horstmann@hereon.de, https://www.hzg.de/institutes_platforms/coastal_research/operational_systems/radar_hydrography/staff/046556/index.php.en) * COMMENT: DrifterID
	DATE/TIME (Date/Time) * GEOCODE * PI: Horstmann, Jochen (https://orcid.org/0000-0002-7979-5736, jochen.horstmann@hereon.de, https://www.hzg.de/institutes_platforms/coastal_research/operational_systems/radar_hydrography/staff/046556/index.php.en) * COMMENT: UTC
License:	Creative Commons Attribution 4.0 International (CC-BY-4.0) (URI: https://creativecommons.org/licenses/by/4.0/)
Status:	Curation Level: Enhanced curation (URI: https://wiki.pangaea.de/wiki/Curation_levels)
Size:	812 data points
*/
Latitude	Longitude	Depth water [m]	ID	Date/Time
7.52573	-50.04064	0	63	2021-08-31T20:02:14
7.51878	-50.03918	0	63	2021-08-31T20:07:15
7.51145	-50.03909	0	63	2021-08-31T20:12:12
7.48196	-50.03769	0	63	2021-08-31T20:33:24
7.47449	-50.03735	0	63	2021-08-31T20:38:24
7.46814	-50.03726	0	63	2021-08-31T20:43:23
7.46386	-50.03729	0	63	2021-08-31T20:52:08
7.46129	-50.03729	0	63	2021-08-31T20:57:09
7.45906	-50.03729	0	63	2021-08-31T21:02:09
7.45662	-50.03735	0	63	2021-08-31T21:07:08
7.45412	-50.03739	0	63	2021-08-31T21:12:09
7.45172	-50.03748	0	63	2021-08-31T21:17:08
7.44930	-50.03763	0	63	2021-08-31T21:22:05
7.44681	-50.03784	0	63	2021-08-31T21:27:10
7.44436	-50.03819	0	63	2021-08-31T21:32:05
7.44196	-50.03848	0	63	2021-08-31T21:37:07
7.43960	-50.03879	0	63	2021-08-31T21:42:04
7.43727	-50.03906	0	63	2021-08-31T21:47:05
7.43498	-50.03932	0	63	2021-08-31T21:52:28
7.43249	-50.03958	0	63	2021-08-31T21:57:28
7.43034	-50.03976	0	63	2021-08-31T22:02:00
7.42795	-50.04001	0	63	2021-08-31T22:06:57
7.42548	-50.04034	0	63	2021-08-31T22:11:56
7.42308	-50.04068	0	63	2021-08-31T22:16:55
7.42062	-50.04105	0	63	2021-08-31T22:21:52
7.41823	-50.04138	0	63	2021-08-31T22:26:53
7.41586	-50.04173	0	63	2021-08-31T22:31:49
7.41354	-50.04199	0	63	2021-08-31T22:36:50
7.41119	-50.04233	0	63	2021-08-31T22:41:51
7.40885	-50.04269	0	63	2021-08-31T22:46:48
7.40647	-50.04315	0	63	2021-08-31T22:51:48
7.40377	-50.04358	0	63	2021-08-31T22:56:47
7.40162	-50.04401	0	63	2021-08-31T23:01:47
7.39917	-50.04453	0	63	2021-08-31T23:06:44
7.39671	-50.04504	0	63	2021-08-31T23:11:45
7.39430	-50.04559	0	63	2021-08-31T23:16:45
7.39189	-50.04615	0	63	2021-08-31T23:21:45
7.38953	-50.04666	0	63	2021-08-31T23:26:44
7.38710	-50.04718	0	63	2021-08-31T23:31:45
7.38471	-50.04767	0	63	2021-08-31T23:36:45
7.38235	-50.04822	0	63	2021-08-31T23:41:42
7.38003	-50.04883	0	63	2021-08-31T23:46:44
7.37768	-50.04944	0	63	2021-08-31T23:51:40
7.37515	-50.05008	0	63	2021-08-31T23:57:07
7.37306	-50.05063	0	63	2021-09-01T00:01:40
7.37073	-50.05127	0	63	2021-09-01T00:06:36
7.36835	-50.05188	0	63	2021-09-01T00:11:36
7.36597	-50.05249	0	63	2021-09-01T00:16:32
7.36364	-50.05310	0	63	2021-09-01T00:21:33
7.36128	-50.05375	0	63	2021-09-01T00:26:31
7.35896	-50.05435	0	63	2021-09-01T00:31:31
7.35666	-50.05505	0	63	2021-09-01T00:36:28
7.35432	-50.05584	0	63	2021-09-01T00:41:28
7.35200	-50.05653	0	63	2021-09-01T00:46:27
7.34964	-50.05722	0	63	2021-09-01T00:51:27
7.34714	-50.05798	0	63	2021-09-01T00:56:55
7.34509	-50.05868	0	63	2021-09-01T01:01:24
7.34294	-50.05928	0	63	2021-09-01T01:06:23
7.34084	-50.05988	0	63	2021-09-01T01:11:23
7.33873	-50.06058	0	63	2021-09-01T01:16:24
7.33659	-50.06138	0	63	2021-09-01T01:21:23
7.33449	-50.06207	0	63	2021-09-01T01:26:22
7.33240	-50.06284	0	63	2021-09-01T01:31:21
7.33032	-50.06360	0	63	2021-09-01T01:36:22
7.32819	-50.06439	0	63	2021-09-01T01:41:19
7.32613	-50.06516	0	63	2021-09-01T01:46:20
7.32407	-50.06604	0	63	2021-09-01T01:51:17
7.32178	-50.06696	0	63	2021-09-01T01:56:58
7.32001	-50.06769	0	63	2021-09-01T02:01:16
7.31801	-50.06857	0	63	2021-09-01T02:06:14
7.31601	-50.06943	0	63	2021-09-01T02:11:13
7.31404	-50.07025	0	63	2021-09-01T02:16:13
7.31200	-50.07108	0	63	2021-09-01T02:21:14
7.30996	-50.07193	0	63	2021-09-01T02:26:12
7.30794	-50.07278	0	63	2021-09-01T02:31:09
7.30593	-50.07367	0	63	2021-09-01T02:36:10
7.30392	-50.07455	0	63	2021-09-01T02:41:10
7.30186	-50.07550	0	63	2021-09-01T02:46:09
7.29982	-50.07651	0	63	2021-09-01T02:51:09
7.29763	-50.07754	0	63	2021-09-01T02:56:10
7.29583	-50.07831	0	63	2021-09-01T03:01:10
7.29382	-50.07922	0	63	2021-09-01T03:06:09
7.29184	-50.08008	0	63	2021-09-01T03:11:06
7.28978	-50.08093	0	63	2021-09-01T03:16:06
7.28783	-50.08173	0	63	2021-09-01T03:21:03
7.28582	-50.08258	0	63	2021-09-01T03:26:02
7.28373	-50.08350	0	63	2021-09-01T03:31:01
7.28174	-50.08438	0	63	2021-09-01T03:36:00
7.27969	-50.08527	0	63	2021-09-01T03:40:57
7.27769	-50.08621	0	63	2021-09-01T03:45:58
7.27565	-50.08713	0	63	2021-09-01T03:50:56
7.27346	-50.08807	0	63	2021-09-01T03:56:28
7.27161	-50.08893	0	63	2021-09-01T04:00:57
7.26952	-50.08994	0	63	2021-09-01T04:05:55
7.26746	-50.09091	0	63	2021-09-01T04:10:56
7.26540	-50.09192	0	63	2021-09-01T04:15:53
7.26335	-50.09299	0	63	2021-09-01T04:20:53
7.26127	-50.09399	0	63	2021-09-01T04:25:51
7.25919	-50.09501	0	63	2021-09-01T04:30:50
7.25722	-50.09604	0	63	2021-09-01T04:35:49
7.25517	-50.09705	0	63	2021-09-01T04:40:52
7.25317	-50.09805	0	63	2021-09-01T04:45:50
7.25111	-50.09912	0	63	2021-09-01T04:50:50
7.24877	-50.10029	0	63	2021-09-01T04:55:52
7.24697	-50.10123	0	63	2021-09-01T05:00:52
7.24490	-50.10236	0	63	2021-09-01T05:05:50
7.24287	-50.10349	0	63	2021-09-01T05:10:51
7.24082	-50.10464	0	63	2021-09-01T05:15:52
7.23880	-50.10580	0	63	2021-09-01T05:20:51
7.23679	-50.10693	0	63	2021-09-01T05:25:50
7.23474	-50.10813	0	63	2021-09-01T05:30:49
7.23277	-50.10925	0	63	2021-09-01T05:35:48
7.23076	-50.11035	0	63	2021-09-01T05:40:47
7.22880	-50.11154	0	63	2021-09-01T05:45:48
7.22685	-50.11273	0	63	2021-09-01T05:50:45
7.22474	-50.11395	0	63	2021-09-01T05:56:06
7.22292	-50.11508	0	63	2021-09-01T06:00:44
7.22096	-50.11633	0	63	2021-09-01T06:05:41
7.21905	-50.11755	0	63	2021-09-01T06:10:42
7.21711	-50.11880	0	63	2021-09-01T06:15:39
7.21519	-50.12005	0	63	2021-09-01T06:20:40
7.21326	-50.12125	0	63	2021-09-01T06:25:40
7.21133	-50.12244	0	63	2021-09-01T06:30:41
7.20942	-50.12357	0	63	2021-09-01T06:35:35
7.20748	-50.12469	0	63	2021-09-01T06:40:40
7.20556	-50.12579	0	63	2021-09-01T06:45:39
7.20365	-50.12689	0	63	2021-09-01T06:50:40
7.20158	-50.12805	0	63	2021-09-01T06:55:58
7.19977	-50.12900	0	63	2021-09-01T07:00:39
7.19787	-50.13013	0	63	2021-09-01T07:05:38
7.19593	-50.13129	0	63	2021-09-01T07:10:39
7.19397	-50.13245	0	63	2021-09-01T07:15:37
7.19204	-50.13358	0	63	2021-09-01T07:20:38
7.19011	-50.13474	0	63	2021-09-01T07:25:35
7.18822	-50.13577	0	63	2021-09-01T07:30:36
7.18634	-50.13678	0	63	2021-09-01T07:35:33
7.18448	-50.13782	0	63	2021-09-01T07:40:34
7.18256	-50.13890	0	63	2021-09-01T07:45:59
7.18070	-50.13989	0	63	2021-09-01T07:50:32
7.17869	-50.14105	0	63	2021-09-01T07:56:00
7.17704	-50.14206	0	63	2021-09-01T08:00:27
7.17520	-50.14319	0	63	2021-09-01T08:05:27
7.17336	-50.14432	0	63	2021-09-01T08:10:28
7.17157	-50.14542	0	63	2021-09-01T08:15:27
7.16974	-50.14655	0	63	2021-09-01T08:20:25
7.16789	-50.14774	0	63	2021-09-01T08:25:27
7.16613	-50.14877	0	63	2021-09-01T08:30:27
7.16434	-50.14984	0	63	2021-09-01T08:35:25
7.16253	-50.15091	0	63	2021-09-01T08:40:26
7.16075	-50.15198	0	63	2021-09-01T08:45:25
7.15899	-50.15308	0	63	2021-09-01T08:50:27
7.15705	-50.15430	0	63	2021-09-01T08:55:58
7.15555	-50.15528	0	63	2021-09-01T09:00:28
7.15383	-50.15640	0	63	2021-09-01T09:05:28
7.15210	-50.15756	0	63	2021-09-01T09:10:26
7.15035	-50.15881	0	63	2021-09-01T09:15:27
7.14866	-50.16010	0	63	2021-09-01T09:20:24
7.14701	-50.16141	0	63	2021-09-01T09:25:25
7.14535	-50.16266	0	63	2021-09-01T09:30:23
7.14354	-50.16393	0	63	2021-09-01T09:35:25
7.14178	-50.16522	0	63	2021-09-01T09:40:24
7.13999	-50.16660	0	63	2021-09-01T09:45:23
7.13826	-50.16794	0	63	2021-09-01T09:50:21
7.13631	-50.16952	0	63	2021-09-01T09:55:19
7.13472	-50.17072	0	63	2021-09-01T10:00:19
7.13294	-50.17212	0	63	2021-09-01T10:05:20
7.13119	-50.17358	0	63	2021-09-01T10:10:17
7.12935	-50.17515	0	63	2021-09-01T10:15:15
7.12759	-50.17652	0	63	2021-09-01T10:20:15
7.12579	-50.17789	0	63	2021-09-01T10:25:16
7.12404	-50.17932	0	63	2021-09-01T10:30:13
7.12232	-50.18079	0	63	2021-09-01T10:35:13
7.12069	-50.18207	0	63	2021-09-01T10:40:11
7.11914	-50.18326	0	63	2021-09-01T10:45:11
7.11755	-50.18445	0	63	2021-09-01T10:50:12
7.11584	-50.18587	0	63	2021-09-01T10:55:09
7.11438	-50.18690	0	63	2021-09-01T11:00:09
7.11284	-50.18802	0	63	2021-09-01T11:05:08
7.11132	-50.18912	0	63	2021-09-01T11:10:11
7.10977	-50.19022	0	63	2021-09-01T11:15:10
7.10826	-50.19128	0	63	2021-09-01T11:20:13
7.10678	-50.19238	0	63	2021-09-01T11:25:11
7.10529	-50.19360	0	63	2021-09-01T11:30:11
7.10383	-50.19482	0	63	2021-09-01T11:35:13
7.10238	-50.19608	0	63	2021-09-01T11:40:14
7.10097	-50.19730	0	63	2021-09-01T11:45:14
7.09956	-50.19855	0	63	2021-09-01T11:50:15
7.09805	-50.19986	0	63	2021-09-01T11:55:38
7.09644	-50.20117	0	63	2021-09-01T12:01:03
7.09528	-50.20215	0	63	2021-09-01T12:05:14
7.09392	-50.20331	0	63	2021-09-01T12:10:14
7.09255	-50.20453	0	63	2021-09-01T12:15:14
7.09118	-50.20575	0	63	2021-09-01T12:20:13
7.08980	-50.20697	0	63	2021-09-01T12:25:13
7.08845	-50.20819	0	63	2021-09-01T12:30:13
7.08699	-50.20938	0	63	2021-09-01T12:35:14
7.08554	-50.21060	0	63	2021-09-01T12:40:12
7.08408	-50.21184	0	63	2021-09-01T12:45:12
7.08271	-50.21304	0	63	2021-09-01T12:50:11
7.08118	-50.21426	0	63	2021-09-01T12:55:34
7.07993	-50.21536	0	63	2021-09-01T13:00:12
7.07853	-50.21663	0	63	2021-09-01T13:05:13
7.07720	-50.21783	0	63	2021-09-01T13:10:13
7.07589	-50.21912	0	63	2021-09-01T13:15:13
7.07458	-50.22043	0	63	2021-09-01T13:20:08
7.07329	-50.22173	0	63	2021-09-01T13:25:05
7.07196	-50.22302	0	63	2021-09-01T13:30:05
7.07066	-50.22433	0	63	2021-09-01T13:35:06
7.06931	-50.22572	0	63	2021-09-01T13:39:59
7.06802	-50.22692	0	63	2021-09-01T13:44:59
7.06669	-50.22812	0	63	2021-09-01T13:49:58
7.06530	-50.22949	0	63	2021-09-01T13:55:25
7.06418	-50.23065	0	63	2021-09-01T13:59:55
7.06293	-50.23199	0	63	2021-09-01T14:04:55
7.06170	-50.23334	0	63	2021-09-01T14:09:52
7.06048	-50.23475	0	63	2021-09-01T14:14:49
7.05933	-50.23611	0	63	2021-09-01T14:19:50
7.05808	-50.23749	0	63	2021-09-01T14:24:48
7.05688	-50.23892	0	63	2021-09-01T14:29:51
7.05569	-50.24033	0	63	2021-09-01T14:34:52
7.05452	-50.24181	0	63	2021-09-01T14:39:51
7.05336	-50.24310	0	63	2021-09-01T14:44:51
7.05217	-50.24445	0	63	2021-09-01T14:49:52
7.05082	-50.24594	0	63	2021-09-01T14:55:24
7.04968	-50.24719	0	63	2021-09-01T14:59:53
7.04842	-50.24860	0	63	2021-09-01T15:04:54
7.04717	-50.25006	0	63	2021-09-01T15:09:58
7.04598	-50.25150	0	63	2021-09-01T15:14:56
7.04478	-50.25299	0	63	2021-09-01T15:19:56
7.04357	-50.25446	0	63	2021-09-01T15:24:58
7.04237	-50.25598	0	63	2021-09-01T15:29:55
7.04115	-50.25757	0	63	2021-09-01T15:34:58
7.03995	-50.25912	0	63	2021-09-01T15:39:59
7.03872	-50.26065	0	63	2021-09-01T15:44:54
7.03751	-50.26221	0	63	2021-09-01T15:49:55
7.03609	-50.26400	0	63	2021-09-01T15:54:55
7.03502	-50.26546	0	63	2021-09-01T15:59:56
7.03386	-50.26700	0	63	2021-09-01T16:04:56
7.03267	-50.26862	0	63	2021-09-01T16:09:53
7.03147	-50.27025	0	63	2021-09-01T16:14:51
7.03035	-50.27179	0	63	2021-09-01T16:19:52
7.02919	-50.27341	0	63	2021-09-01T16:24:52
7.02806	-50.27499	0	63	2021-09-01T16:29:50
7.02688	-50.27677	0	63	2021-09-01T16:34:51
7.02576	-50.27831	0	63	2021-09-01T16:39:52
7.02460	-50.27985	0	63	2021-09-01T16:44:52
7.02347	-50.28143	0	63	2021-09-01T16:49:49
7.02225	-50.28329	0	63	2021-09-01T16:55:26
7.02125	-50.28476	0	63	2021-09-01T16:59:48
7.02006	-50.28638	0	63	2021-09-01T17:04:49
7.01888	-50.28804	0	63	2021-09-01T17:09:45
7.01772	-50.28967	0	63	2021-09-01T17:14:45
7.01657	-50.29132	0	63	2021-09-01T17:19:44
7.01545	-50.29300	0	63	2021-09-01T17:24:45
7.01432	-50.29465	0	63	2021-09-01T17:29:44
7.01329	-50.29630	0	63	2021-09-01T17:34:41
7.01206	-50.29797	0	63	2021-09-01T17:39:42
7.01089	-50.29968	0	63	2021-09-01T17:44:43
7.00974	-50.30136	0	63	2021-09-01T17:49:40
7.00848	-50.30313	0	63	2021-09-01T17:54:56
7.00737	-50.30478	0	63	2021-09-01T17:59:42
7.00619	-50.30649	0	63	2021-09-01T18:04:39
7.00500	-50.30817	0	63	2021-09-01T18:09:40
7.00379	-50.30988	0	63	2021-09-01T18:14:37
7.00263	-50.31161	0	63	2021-09-01T18:19:37
7.00145	-50.31332	0	63	2021-09-01T18:24:34
7.00030	-50.31503	0	63	2021-09-01T18:29:35
6.99911	-50.31677	0	63	2021-09-01T18:34:36
6.99794	-50.31851	0	63	2021-09-01T18:39:33
6.99676	-50.32025	0	63	2021-09-01T18:44:31
6.99558	-50.32202	0	63	2021-09-01T18:49:55
6.99434	-50.32382	0	63	2021-09-01T18:54:55
6.99333	-50.32541	0	63	2021-09-01T18:59:26
6.99230	-50.32718	0	63	2021-09-01T19:04:26
6.99127	-50.32892	0	63	2021-09-01T19:09:28
6.99031	-50.33060	0	63	2021-09-01T19:14:28
6.98935	-50.33237	0	63	2021-09-01T19:19:29
6.98847	-50.33408	0	63	2021-09-01T19:24:26
6.98754	-50.33583	0	63	2021-09-01T19:29:29
6.98668	-50.33755	0	63	2021-09-01T19:34:28
6.98585	-50.33926	0	63	2021-09-01T19:39:28
6.98503	-50.34097	0	63	2021-09-01T19:44:25
6.98421	-50.34271	0	63	2021-09-01T19:49:56
6.98339	-50.34460	0	63	2021-09-01T19:54:55
6.98270	-50.34619	0	63	2021-09-01T19:59:28
6.98195	-50.34790	0	63	2021-09-01T20:04:29
6.98114	-50.34966	0	63	2021-09-01T20:09:29
6.98037	-50.35138	0	63	2021-09-01T20:14:29
6.97960	-50.35312	0	63	2021-09-01T20:19:27
6.97886	-50.35486	0	63	2021-09-01T20:24:25
6.97809	-50.35669	0	63	2021-09-01T20:29:25
6.97728	-50.35852	0	63	2021-09-01T20:34:26
6.97649	-50.36037	0	63	2021-09-01T20:39:24
6.97572	-50.36209	0	63	2021-09-01T20:44:24
6.97495	-50.36383	0	63	2021-09-01T20:49:22
6.97402	-50.36575	0	63	2021-09-01T20:54:57
6.97325	-50.36736	0	63	2021-09-01T20:59:22
6.97248	-50.36899	0	63	2021-09-01T21:04:22
6.97168	-50.37070	0	63	2021-09-01T21:09:23
6.97085	-50.37247	0	63	2021-09-01T21:14:18
6.97008	-50.37410	0	63	2021-09-01T21:19:18
6.96926	-50.37582	0	63	2021-09-01T21:24:18
6.96846	-50.37756	0	63	2021-09-01T21:29:19
6.96769	-50.37921	0	63	2021-09-01T21:34:16
6.96695	-50.38098	0	63	2021-09-01T21:39:15
6.96621	-50.38269	0	63	2021-09-01T21:44:15
6.96551	-50.38446	0	63	2021-09-01T21:49:16
6.96477	-50.38635	0	63	2021-09-01T21:54:39
6.96415	-50.38800	0	63	2021-09-01T21:59:13
6.96337	-50.38977	0	63	2021-09-01T22:04:14
6.96264	-50.39151	0	63	2021-09-01T22:09:12
6.96192	-50.39331	0	63	2021-09-01T22:14:17
6.96126	-50.39511	0	63	2021-09-01T22:19:13
6.96053	-50.39691	0	63	2021-09-01T22:24:14
6.95979	-50.39874	0	63	2021-09-01T22:29:15
6.95906	-50.40060	0	63	2021-09-01T22:34:15
6.95830	-50.40247	0	63	2021-09-01T22:39:13
6.95761	-50.40427	0	63	2021-09-01T22:44:14
6.95691	-50.40610	0	63	2021-09-01T22:49:15
6.95617	-50.40811	0	63	2021-09-01T22:54:35
6.95549	-50.40991	0	63	2021-09-01T22:59:08
6.95485	-50.41171	0	63	2021-09-01T23:04:08
6.95416	-50.41351	0	63	2021-09-01T23:09:07
6.95274	-50.41730	0	63	2021-09-01T23:19:07
6.95201	-50.41916	0	63	2021-09-01T23:24:06
6.95127	-50.42108	0	63	2021-09-01T23:29:05
6.95055	-50.42300	0	63	2021-09-01T23:34:04
6.94984	-50.42493	0	63	2021-09-01T23:39:03
6.94913	-50.42685	0	63	2021-09-01T23:44:04
6.94846	-50.42880	0	63	2021-09-01T23:49:02
6.94773	-50.43093	0	63	2021-09-01T23:54:06
6.94709	-50.43265	0	63	2021-09-01T23:59:06
6.94642	-50.43454	0	63	2021-09-02T00:04:05
6.94571	-50.43650	0	63	2021-09-02T00:09:06
6.94507	-50.43839	0	63	2021-09-02T00:14:06
6.94444	-50.44031	0	63	2021-09-02T00:19:10
6.94387	-50.44220	0	63	2021-09-02T00:24:08
6.94330	-50.44415	0	63	2021-09-02T00:29:05
6.94274	-50.44614	0	63	2021-09-02T00:34:06
6.94217	-50.44809	0	63	2021-09-02T00:39:06
6.94157	-50.45004	0	63	2021-09-02T00:44:04
6.94096	-50.45202	0	63	2021-09-02T00:49:54
6.94027	-50.45425	0	63	2021-09-02T00:54:54
6.93975	-50.45587	0	63	2021-09-02T00:59:05
6.93919	-50.45782	0	63	2021-09-02T01:04:03
6.93861	-50.45982	0	63	2021-09-02T01:09:00
6.93810	-50.46179	0	63	2021-09-02T01:14:01
6.93756	-50.46378	0	63	2021-09-02T01:19:01
6.93699	-50.46573	0	63	2021-09-02T01:23:59
6.93637	-50.46773	0	63	2021-09-02T01:29:00
6.93577	-50.46970	0	63	2021-09-02T01:34:00
6.93513	-50.47165	0	63	2021-09-02T01:38:58
6.93447	-50.47360	0	63	2021-09-02T01:43:57
6.93384	-50.47566	0	63	2021-09-02T01:49:25
6.93307	-50.47781	0	63	2021-09-02T01:54:24
6.93238	-50.47958	0	63	2021-09-02T01:58:53
6.93154	-50.48151	0	63	2021-09-02T02:03:57
6.93064	-50.48357	0	63	2021-09-02T02:08:52
6.92985	-50.48547	0	63	2021-09-02T02:14:00
6.92900	-50.48743	0	63	2021-09-02T02:18:53
6.92815	-50.48938	0	63	2021-09-02T02:23:50
6.92730	-50.49139	0	63	2021-09-02T02:28:51
6.92647	-50.49338	0	63	2021-09-02T02:33:52
6.92565	-50.49539	0	63	2021-09-02T02:38:49
6.92481	-50.49744	0	63	2021-09-02T02:43:48
6.92397	-50.49951	0	63	2021-09-02T02:48:47
6.92306	-50.50189	0	63	2021-09-02T02:54:25
6.92232	-50.50377	0	63	2021-09-02T02:58:47
6.92155	-50.50583	0	63	2021-09-02T03:03:46
6.92079	-50.50793	0	63	2021-09-02T03:08:43
6.92002	-50.51010	0	63	2021-09-02T03:13:44
6.91932	-50.51230	0	63	2021-09-02T03:18:44
6.91863	-50.51453	0	63	2021-09-02T03:23:43
6.91796	-50.51678	0	63	2021-09-02T03:28:44
6.91733	-50.51907	0	63	2021-09-02T03:33:38
6.91674	-50.52139	0	63	2021-09-02T03:38:39
6.91623	-50.52371	0	63	2021-09-02T03:43:39
6.91576	-50.52600	0	63	2021-09-02T03:48:37
6.91530	-50.52847	0	63	2021-09-02T03:53:54
6.91488	-50.53061	0	63	2021-09-02T03:58:32
6.91454	-50.53293	0	63	2021-09-02T04:03:32
6.91424	-50.53525	0	63	2021-09-02T04:08:33
6.91390	-50.53757	0	63	2021-09-02T04:13:30
6.91349	-50.53983	0	63	2021-09-02T04:18:31
6.91306	-50.54211	0	63	2021-09-02T04:23:32
6.91265	-50.54437	0	63	2021-09-02T04:28:30
6.91222	-50.54669	0	63	2021-09-02T04:33:32
6.91182	-50.54892	0	63	2021-09-02T04:38:30
6.91144	-50.55121	0	63	2021-09-02T04:43:32
6.91108	-50.55356	0	63	2021-09-02T04:48:32
6.91063	-50.55609	0	63	2021-09-02T04:53:55
6.91028	-50.55833	0	63	2021-09-02T04:58:35
6.91007	-50.56082	0	63	2021-09-02T05:03:35
6.90995	-50.56326	0	63	2021-09-02T05:08:36
6.90986	-50.56577	0	63	2021-09-02T05:13:36
6.90976	-50.56827	0	63	2021-09-02T05:18:33
6.90968	-50.57077	0	63	2021-09-02T05:23:34
6.90962	-50.57327	0	63	2021-09-02T05:28:31
6.90957	-50.57578	0	63	2021-09-02T05:33:32
6.90962	-50.57832	0	63	2021-09-02T05:38:30
6.90962	-50.58081	0	63	2021-09-02T05:43:30
6.90969	-50.58334	0	63	2021-09-02T05:48:27
6.90976	-50.58609	0	63	2021-09-02T05:53:54
6.90978	-50.58835	0	63	2021-09-02T05:58:26
6.90981	-50.59085	0	63	2021-09-02T06:03:25
6.90984	-50.59335	0	63	2021-09-02T06:08:22
6.90990	-50.59583	0	63	2021-09-02T06:13:22
6.90999	-50.59830	0	63	2021-09-02T06:18:20
6.91013	-50.60080	0	63	2021-09-02T06:23:18
6.91026	-50.60328	0	63	2021-09-02T06:28:18
6.91035	-50.60577	0	63	2021-09-02T06:33:18
6.91044	-50.60828	0	63	2021-09-02T06:38:20
6.91055	-50.61078	0	63	2021-09-02T06:43:21
6.91066	-50.61332	0	63	2021-09-02T06:48:15
6.91075	-50.61615	0	63	2021-09-02T06:53:15
6.91079	-50.61838	0	63	2021-09-02T06:58:16
6.91088	-50.62100	0	63	2021-09-02T07:03:16
6.91103	-50.62362	0	63	2021-09-02T07:08:11
6.91116	-50.62619	0	63	2021-09-02T07:13:11
6.91134	-50.62881	0	63	2021-09-02T07:18:08
6.91156	-50.63153	0	63	2021-09-02T07:23:09
6.91184	-50.63421	0	63	2021-09-02T07:28:10
6.91210	-50.63687	0	63	2021-09-02T07:33:10
6.91244	-50.63953	0	63	2021-09-02T07:38:10
6.91285	-50.64224	0	63	2021-09-02T07:43:11
6.91325	-50.64490	0	63	2021-09-02T07:48:09
6.91372	-50.64778	0	63	2021-09-02T07:53:10
6.91411	-50.65018	0	63	2021-09-02T07:58:10
6.91454	-50.65280	0	63	2021-09-02T08:03:11
6.91495	-50.65543	0	63	2021-09-02T08:08:09
6.91540	-50.65811	0	63	2021-09-02T08:13:06
6.91587	-50.66068	0	63	2021-09-02T08:18:06
6.91638	-50.66333	0	63	2021-09-02T08:23:08
6.91687	-50.66595	0	63	2021-09-02T08:28:05
6.91733	-50.66861	0	63	2021-09-02T08:33:06
6.91780	-50.67126	0	63	2021-09-02T08:38:06
6.91829	-50.67395	0	63	2021-09-02T08:43:06
6.91881	-50.67657	0	63	2021-09-02T08:48:04
6.91934	-50.67941	0	63	2021-09-02T08:53:24
6.91984	-50.68192	0	63	2021-09-02T08:58:05
6.92037	-50.68457	0	63	2021-09-02T09:03:06
6.92085	-50.68723	0	63	2021-09-02T09:08:04
6.92131	-50.68988	0	63	2021-09-02T09:13:07
6.92177	-50.69259	0	63	2021-09-02T09:18:06
6.92220	-50.69516	0	63	2021-09-02T09:23:06
6.92270	-50.69775	0	63	2021-09-02T09:28:04
6.92317	-50.70038	0	63	2021-09-02T09:33:05
6.92365	-50.70302	0	63	2021-09-02T09:37:58
6.92412	-50.70559	0	63	2021-09-02T09:42:58
6.92459	-50.70816	0	63	2021-09-02T09:47:59
6.92524	-50.71100	0	63	2021-09-02T09:53:24
6.92581	-50.71335	0	63	2021-09-02T09:57:55
6.92645	-50.71591	0	63	2021-09-02T10:02:54
6.92713	-50.71848	0	63	2021-09-02T10:07:51
6.92786	-50.72104	0	63	2021-09-02T10:12:51
6.92855	-50.72363	0	63	2021-09-02T10:17:45
6.92919	-50.72610	0	63	2021-09-02T10:22:49
6.92988	-50.72861	0	63	2021-09-02T10:27:45
6.93066	-50.73114	0	63	2021-09-02T10:32:44
6.93149	-50.73367	0	63	2021-09-02T10:37:41
6.93233	-50.73618	0	63	2021-09-02T10:42:44
6.93314	-50.73865	0	63	2021-09-02T10:47:42
6.93392	-50.74127	0	63	2021-09-02T10:53:07
6.93459	-50.74350	0	63	2021-09-02T10:57:43
6.93531	-50.74594	0	63	2021-09-02T11:02:41
6.93609	-50.74849	0	63	2021-09-02T11:07:42
6.93678	-50.75089	0	63	2021-09-02T11:12:42
6.93756	-50.75327	0	63	2021-09-02T11:17:43
6.93833	-50.75568	0	63	2021-09-02T11:22:45
6.93911	-50.75807	0	63	2021-09-02T11:27:42
6.93988	-50.76047	0	63	2021-09-02T11:32:42
6.94062	-50.76282	0	63	2021-09-02T11:37:44
6.94136	-50.76517	0	63	2021-09-02T11:42:44
6.94212	-50.76751	0	63	2021-09-02T11:48:23
6.94294	-50.77017	0	63	2021-09-02T11:53:23
6.94357	-50.77222	0	63	2021-09-02T11:57:46
6.94428	-50.77454	0	63	2021-09-02T12:02:44
6.94505	-50.77692	0	63	2021-09-02T12:07:49
6.94581	-50.77927	0	63	2021-09-02T12:12:45
6.94659	-50.78162	0	63	2021-09-02T12:17:46
6.94735	-50.78397	0	63	2021-09-02T12:22:43
6.94811	-50.78638	0	63	2021-09-02T12:27:44
6.94891	-50.78876	0	63	2021-09-02T12:32:41
6.94966	-50.79114	0	63	2021-09-02T12:37:42
6.95041	-50.79352	0	63	2021-09-02T12:42:43
6.95111	-50.79593	0	63	2021-09-02T12:47:40
6.95179	-50.79858	0	63	2021-09-02T12:53:07
6.95244	-50.80081	0	63	2021-09-02T12:57:41
6.95314	-50.80322	0	63	2021-09-02T13:02:42
6.95395	-50.80578	0	63	2021-09-02T13:07:40
6.95455	-50.80810	0	63	2021-09-02T13:12:40
6.95515	-50.81042	0	63	2021-09-02T13:17:41
6.95578	-50.81281	0	63	2021-09-02T13:22:42
6.95647	-50.81516	0	63	2021-09-02T13:27:39
6.95720	-50.81757	0	63	2021-09-02T13:32:38
6.95780	-50.81989	0	63	2021-09-02T13:37:37
6.95837	-50.82234	0	63	2021-09-02T13:42:36
6.95888	-50.82474	0	63	2021-09-02T13:47:35
6.95950	-50.82744	0	63	2021-09-02T13:52:40
6.96001	-50.82984	0	63	2021-09-02T13:57:40
6.96052	-50.83224	0	63	2021-09-02T14:02:41
6.96106	-50.83476	0	63	2021-09-02T14:07:38
6.96166	-50.83716	0	63	2021-09-02T14:12:38
6.96229	-50.83960	0	63	2021-09-02T14:17:39
6.96292	-50.84201	0	63	2021-09-02T14:22:36
6.96356	-50.84439	0	63	2021-09-02T14:27:36
6.96423	-50.84677	0	63	2021-09-02T14:32:35
6.96491	-50.84912	0	63	2021-09-02T14:37:30
6.96564	-50.85150	0	63	2021-09-02T14:42:28
6.96642	-50.85394	0	63	2021-09-02T14:47:29
6.96722	-50.85654	0	63	2021-09-02T14:52:53
6.96793	-50.85880	0	63	2021-09-02T14:57:26
6.96880	-50.86128	0	63	2021-09-02T15:02:23
6.96957	-50.86377	0	63	2021-09-02T15:07:22
6.97041	-50.86624	0	63	2021-09-02T15:12:19
6.97126	-50.86871	0	63	2021-09-02T15:17:19
6.97216	-50.87120	0	63	2021-09-02T15:22:19
6.97302	-50.87369	0	63	2021-09-02T15:27:19
6.97387	-50.87619	0	63	2021-09-02T15:32:17
6.97481	-50.87866	0	63	2021-09-02T15:37:15
6.97573	-50.88127	0	63	2021-09-02T15:42:12
6.97676	-50.88367	0	63	2021-09-02T15:47:13
6.97793	-50.88638	0	63	2021-09-02T15:52:37
6.97891	-50.88870	0	63	2021-09-02T15:57:10
6.97991	-50.89117	0	63	2021-09-02T16:02:11
6.98102	-50.89378	0	63	2021-09-02T16:07:11
6.98209	-50.89618	0	63	2021-09-02T16:12:10
6.98327	-50.89862	0	63	2021-09-02T16:17:07
6.98457	-50.90115	0	63	2021-09-02T16:22:07
6.98577	-50.90347	0	63	2021-09-02T16:27:07
6.98706	-50.90588	0	63	2021-09-02T16:32:08
6.98841	-50.90829	0	63	2021-09-02T16:37:09
6.98977	-50.91067	0	63	2021-09-02T16:42:07
6.99123	-50.91299	0	63	2021-09-02T16:47:08
6.99268	-50.91553	0	63	2021-09-02T16:52:26
6.99395	-50.91782	0	63	2021-09-02T16:57:04
6.99538	-50.92021	0	63	2021-09-02T17:02:02
6.99680	-50.92261	0	63	2021-09-02T17:07:02
6.99844	-50.92496	0	63	2021-09-02T17:12:00
6.99998	-50.92728	0	63	2021-09-02T17:17:01
7.00163	-50.92957	0	63	2021-09-02T17:22:01
7.00334	-50.93185	0	63	2021-09-02T17:26:59
7.00506	-50.93417	0	63	2021-09-02T17:32:00
7.00683	-50.93646	0	63	2021-09-02T17:36:57
7.00860	-50.93875	0	63	2021-09-02T17:41:58
7.01035	-50.94101	0	63	2021-09-02T17:46:57
7.01238	-50.94352	0	63	2021-09-02T17:51:55
7.01387	-50.94556	0	63	2021-09-02T17:56:56
7.01564	-50.94781	0	63	2021-09-02T18:01:56
7.01741	-50.95007	0	63	2021-09-02T18:06:54
7.01924	-50.95239	0	63	2021-09-02T18:11:52
7.02100	-50.95462	0	63	2021-09-02T18:16:52
7.02276	-50.95685	0	63	2021-09-02T18:21:53
7.02463	-50.95905	0	63	2021-09-02T18:26:53
7.02651	-50.96117	0	63	2021-09-02T18:31:51
7.02831	-50.96332	0	63	2021-09-02T18:36:51
7.03013	-50.96545	0	63	2021-09-02T18:41:49
7.03194	-50.96765	0	63	2021-09-02T18:46:49
7.03402	-50.97005	0	63	2021-09-02T18:51:47
7.03556	-50.97185	0	63	2021-09-02T18:56:47
7.03732	-50.97400	0	63	2021-09-02T19:01:48
7.03911	-50.97607	0	63	2021-09-02T19:06:49
7.04086	-50.97815	0	63	2021-09-02T19:11:42
7.04257	-50.98029	0	63	2021-09-02T19:16:43
7.04422	-50.98239	0	63	2021-09-02T19:21:43
7.04600	-50.98462	0	63	2021-09-02T19:26:44
7.04776	-50.98682	0	63	2021-09-02T19:31:46
7.04956	-50.98898	0	63	2021-09-02T19:36:45
7.05139	-50.99112	0	63	2021-09-02T19:41:43
7.05326	-50.99329	0	63	2021-09-02T19:46:47
7.05527	-50.99562	0	63	2021-09-02T19:51:45
7.05699	-50.99759	0	63	2021-09-02T19:56:46
7.05891	-50.99969	0	63	2021-09-02T20:01:43
7.06083	-51.00177	0	63	2021-09-02T20:06:40
7.06277	-51.00388	0	63	2021-09-02T20:11:38
7.06470	-51.00604	0	63	2021-09-02T20:16:38
7.06656	-51.00821	0	63	2021-09-02T20:21:39
7.06840	-51.01041	0	63	2021-09-02T20:26:39
7.07029	-51.01254	0	63	2021-09-02T20:31:39
7.07221	-51.01468	0	63	2021-09-02T20:36:36
7.07416	-51.01689	0	63	2021-09-02T20:41:34
7.07605	-51.01904	0	63	2021-09-02T20:46:35
7.07808	-51.02139	0	63	2021-09-02T20:51:56
7.07994	-51.02356	0	63	2021-09-02T20:56:34
7.08185	-51.02591	0	63	2021-09-02T21:01:38
7.08374	-51.02814	0	63	2021-09-02T21:06:38
7.08553	-51.03043	0	63	2021-09-02T21:11:36
7.08732	-51.03275	0	63	2021-09-02T21:16:36
7.08914	-51.03509	0	63	2021-09-02T21:21:37
7.09099	-51.03732	0	63	2021-09-02T21:26:38
7.09290	-51.03961	0	63	2021-09-02T21:31:35
7.09470	-51.04193	0	63	2021-09-02T21:36:35
7.09658	-51.04422	0	63	2021-09-02T21:41:36
7.09844	-51.04654	0	63	2021-09-02T21:46:34
7.10032	-51.04898	0	63	2021-09-02T21:51:54
7.10208	-51.05124	0	63	2021-09-02T21:56:38
7.10390	-51.05356	0	63	2021-09-02T22:01:32
7.10575	-51.05582	0	63	2021-09-02T22:06:33
7.10765	-51.05804	0	63	2021-09-02T22:11:30
7.10959	-51.06021	0	63	2021-09-02T22:16:31
7.11161	-51.06241	0	63	2021-09-02T22:21:27
7.11350	-51.06447	0	63	2021-09-02T22:26:26
7.11543	-51.06662	0	63	2021-09-02T22:31:26
7.11742	-51.06876	0	63	2021-09-02T22:36:27
7.11946	-51.07089	0	63	2021-09-02T22:41:28
7.12148	-51.07303	0	63	2021-09-02T22:46:25
7.12380	-51.07547	0	63	2021-09-02T22:51:21
7.12559	-51.07742	0	63	2021-09-02T22:56:23
7.12770	-51.07959	0	63	2021-09-02T23:01:20
7.12984	-51.08176	0	63	2021-09-02T23:06:23
7.13204	-51.08395	0	63	2021-09-02T23:11:24
7.13420	-51.08609	0	63	2021-09-02T23:16:22
7.13635	-51.08826	0	63	2021-09-02T23:21:20
7.13854	-51.09039	0	63	2021-09-02T23:26:23
7.14077	-51.09247	0	63	2021-09-02T23:31:24
7.14302	-51.09462	0	63	2021-09-02T23:36:18
7.14517	-51.09659	0	63	2021-09-02T23:41:19
7.14731	-51.09866	0	63	2021-09-02T23:46:20
7.14960	-51.10092	0	63	2021-09-02T23:51:56
7.15141	-51.10280	0	63	2021-09-02T23:56:18
7.15347	-51.10486	0	63	2021-09-03T00:01:19
7.15558	-51.10690	0	63	2021-09-03T00:06:16
7.15770	-51.10901	0	63	2021-09-03T00:11:16
7.15979	-51.11111	0	63	2021-09-03T00:16:13
7.16191	-51.11316	0	63	2021-09-03T00:21:10
7.16398	-51.11526	0	63	2021-09-03T00:26:08
7.16609	-51.11756	0	63	2021-09-03T00:31:03
7.16815	-51.11971	0	63	2021-09-03T00:36:02
7.17034	-51.12186	0	63	2021-09-03T00:41:02
7.17260	-51.12405	0	63	2021-09-03T00:46:04
7.17501	-51.12634	0	63	2021-09-03T00:51:27
7.17704	-51.12843	0	63	2021-09-03T00:56:04
7.17914	-51.13058	0	63	2021-09-03T01:01:04
7.18137	-51.13272	0	63	2021-09-03T01:06:03
7.18363	-51.13483	0	63	2021-09-03T01:11:03
7.18585	-51.13701	0	63	2021-09-03T01:16:03
7.18800	-51.13916	0	63	2021-09-03T01:21:02
7.19023	-51.14130	0	63	2021-09-03T01:25:59
7.19250	-51.14340	0	63	2021-09-03T01:31:00
7.19473	-51.14546	0	63	2021-09-03T01:36:00
7.19700	-51.14752	0	63	2021-09-03T01:41:01
7.19922	-51.14963	0	63	2021-09-03T01:45:59
7.20169	-51.15192	0	63	2021-09-03T01:51:29
7.20374	-51.15384	0	63	2021-09-03T01:56:00
7.20603	-51.15585	0	63	2021-09-03T02:01:01
7.20828	-51.15799	0	63	2021-09-03T02:06:05
7.21052	-51.16003	0	63	2021-09-03T02:11:02
7.21278	-51.16214	0	63	2021-09-03T02:16:04
7.21503	-51.16425	0	63	2021-09-03T02:21:03
7.21730	-51.16641	0	63	2021-09-03T02:26:05
7.21952	-51.16858	0	63	2021-09-03T02:31:02
7.22172	-51.17072	0	63	2021-09-03T02:36:03
7.22397	-51.17282	0	63	2021-09-03T02:41:03
7.22620	-51.17493	0	63	2021-09-03T02:46:04
7.22863	-51.17737	0	63	2021-09-03T02:51:28
7.23071	-51.17935	0	63	2021-09-03T02:56:02
7.23301	-51.18152	0	63	2021-09-03T03:00:59
7.23533	-51.18372	0	63	2021-09-03T03:06:00
7.23764	-51.18591	0	63	2021-09-03T03:11:01
7.23995	-51.18811	0	63	2021-09-03T03:15:58
7.24231	-51.19031	0	63	2021-09-03T03:20:58
7.24470	-51.19255	0	63	2021-09-03T03:25:51
7.24706	-51.19461	0	63	2021-09-03T03:30:50
7.24946	-51.19675	0	63	2021-09-03T03:35:50
7.25186	-51.19885	0	63	2021-09-03T03:40:47
7.25429	-51.20117	0	63	2021-09-03T03:45:54
7.25723	-51.20358	0	63	2021-09-03T03:51:54
7.25913	-51.20520	0	63	2021-09-03T03:55:45
7.26164	-51.20734	0	63	2021-09-03T04:00:46
7.26415	-51.20949	0	63	2021-09-03T04:05:47
7.26668	-51.21164	0	63	2021-09-03T04:10:47
7.26922	-51.21381	0	63	2021-09-03T04:15:48
7.27177	-51.21588	0	63	2021-09-03T04:20:46
7.27430	-51.21800	0	63	2021-09-03T04:25:44
7.27687	-51.22006	0	63	2021-09-03T04:30:44
7.27945	-51.22220	0	63	2021-09-03T04:35:45
7.28208	-51.22430	0	63	2021-09-03T04:40:44
7.28469	-51.22638	0	63	2021-09-03T04:45:42
7.28760	-51.22870	0	63	2021-09-03T04:51:07
7.29010	-51.23065	0	63	2021-09-03T04:55:44
7.29279	-51.23279	0	63	2021-09-03T05:00:41
7.29549	-51.23492	0	63	2021-09-03T05:05:42
7.29826	-51.23703	0	63	2021-09-03T05:10:39
7.30106	-51.23914	0	63	2021-09-03T05:15:40
7.30382	-51.24130	0	63	2021-09-03T05:20:37
7.30668	-51.24344	0	63	2021-09-03T05:25:38
7.30955	-51.24548	0	63	2021-09-03T05:30:38
7.31243	-51.24756	0	63	2021-09-03T05:35:32
7.31541	-51.24963	0	63	2021-09-03T05:40:35
7.31838	-51.25171	0	63	2021-09-03T05:45:34
7.32159	-51.25394	0	63	2021-09-03T05:50:54
7.32437	-51.25584	0	63	2021-09-03T05:55:28
7.32733	-51.25781	0	63	2021-09-03T06:00:28
7.33033	-51.25986	0	63	2021-09-03T06:05:26
7.33344	-51.26190	0	63	2021-09-03T06:10:29
7.33659	-51.26385	0	63	2021-09-03T06:15:30
7.33967	-51.26587	0	63	2021-09-03T06:20:27
7.34277	-51.26788	0	63	2021-09-03T06:25:28
7.34594	-51.26990	0	63	2021-09-03T06:30:26
7.34903	-51.27185	0	63	2021-09-03T06:35:27
7.35214	-51.27380	0	63	2021-09-03T06:40:28
7.35526	-51.27576	0	63	2021-09-03T06:45:25
7.35877	-51.27792	0	63	2021-09-03T06:50:56
7.36163	-51.27970	0	63	2021-09-03T06:55:26
7.36476	-51.28159	0	63	2021-09-03T07:00:26
7.36793	-51.28348	0	63	2021-09-03T07:05:24
7.37114	-51.28531	0	63	2021-09-03T07:10:21
7.37439	-51.28723	0	63	2021-09-03T07:15:19
7.37752	-51.28912	0	63	2021-09-03T07:20:19
7.38073	-51.29108	0	63	2021-09-03T07:25:17
7.38395	-51.29303	0	63	2021-09-03T07:30:19
7.38719	-51.29499	0	63	2021-09-03T07:35:18
7.39037	-51.29688	0	63	2021-09-03T07:40:18
7.39354	-51.29880	0	63	2021-09-03T07:45:15
7.39712	-51.30096	0	63	2021-09-03T07:50:55
7.39990	-51.30261	0	63	2021-09-03T07:55:17
7.40355	-51.30481	0	63	2021-09-03T08:00:54
7.40638	-51.30643	0	63	2021-09-03T08:05:14
7.40962	-51.30835	0	63	2021-09-03T08:10:15
7.41283	-51.31024	0	63	2021-09-03T08:15:12
7.41611	-51.31210	0	63	2021-09-03T08:20:13
7.41942	-51.31406	0	63	2021-09-03T08:25:14
7.42267	-51.31602	0	63	2021-09-03T08:30:12
7.42589	-51.31799	0	63	2021-09-03T08:35:13
7.42914	-51.31989	0	63	2021-09-03T08:40:12
7.43251	-51.32178	0	63	2021-09-03T08:45:40
7.43611	-51.32367	0	63	2021-09-03T08:50:39
7.43910	-51.32535	0	63	2021-09-03T08:55:11
7.44238	-51.32721	0	63	2021-09-03T09:00:13
7.44570	-51.32916	0	63	2021-09-03T09:05:13
7.44896	-51.33096	0	63	2021-09-03T09:10:12
7.45226	-51.33276	0	63	2021-09-03T09:15:12
7.45555	-51.33463	0	63	2021-09-03T09:20:11
7.45892	-51.33651	0	63	2021-09-03T09:25:09
7.46222	-51.33823	0	63	2021-09-03T09:30:09
7.46557	-51.33997	0	63	2021-09-03T09:35:10
7.46890	-51.34174	0	63	2021-09-03T09:40:07
7.47224	-51.34355	0	63	2021-09-03T09:45:09
7.47580	-51.34535	0	63	2021-09-03T09:50:09
7.47898	-51.34698	0	63	2021-09-03T09:55:08
7.48233	-51.34866	0	63	2021-09-03T10:00:07
7.48569	-51.35034	0	63	2021-09-03T10:05:09
7.48911	-51.35210	0	63	2021-09-03T10:10:08
7.49254	-51.35373	0	63	2021-09-03T10:15:07
7.49950	-51.35706	0	63	2021-09-03T10:25:08
7.50294	-51.35864	0	63	2021-09-03T10:30:09
7.50641	-51.36023	0	63	2021-09-03T10:35:07
7.50994	-51.36182	0	63	2021-09-03T10:40:10
7.51343	-51.36337	0	63	2021-09-03T10:45:08
7.51711	-51.36502	0	63	2021-09-03T10:50:24
7.52035	-51.36655	0	63	2021-09-03T10:55:08
7.52380	-51.36813	0	63	2021-09-03T11:00:07
7.52721	-51.36969	0	63	2021-09-03T11:05:07
7.53060	-51.37119	0	63	2021-09-03T11:10:07
7.53408	-51.37268	0	63	2021-09-03T11:15:08
7.53753	-51.37418	0	63	2021-09-03T11:20:05
7.54096	-51.37577	0	63	2021-09-03T11:25:02
7.54435	-51.37720	0	63	2021-09-03T11:30:01
7.54778	-51.37869	0	63	2021-09-03T11:35:01
7.55117	-51.38019	0	63	2021-09-03T11:40:02
7.55452	-51.38174	0	63	2021-09-03T11:44:55
7.56140	-51.38481	0	63	2021-09-03T11:55:04
7.56483	-51.38627	0	63	2021-09-03T12:00:04
7.56835	-51.38773	0	63	2021-09-03T12:05:03
7.57180	-51.38919	0	63	2021-09-03T12:10:02
7.57528	-51.39066	0	63	2021-09-03T12:15:01
7.57871	-51.39212	0	63	2021-09-03T12:20:01
7.58218	-51.39359	0	63	2021-09-03T12:25:02
7.58562	-51.39499	0	63	2021-09-03T12:30:00
7.58907	-51.39655	0	63	2021-09-03T12:35:00
7.59250	-51.39792	0	63	2021-09-03T12:40:00
7.59598	-51.39929	0	63	2021-09-03T12:45:00
7.59973	-51.40085	0	63	2021-09-03T12:50:25
7.60282	-51.40213	0	63	2021-09-03T12:54:55
7.60626	-51.40356	0	63	2021-09-03T12:59:56
7.60974	-51.40503	0	63	2021-09-03T13:04:53
7.61317	-51.40646	0	63	2021-09-03T13:09:54
7.61667	-51.40799	0	63	2021-09-03T13:14:51
7.62010	-51.40936	0	63	2021-09-03T13:19:52
7.62358	-51.41080	0	63	2021-09-03T13:24:50
7.62711	-51.41229	0	63	2021-09-03T13:29:51
7.63061	-51.41379	0	63	2021-09-03T13:34:54
7.63771	-51.41685	0	63	2021-09-03T13:44:51
7.64170	-51.41857	0	63	2021-09-03T13:49:50
7.64483	-51.41986	0	63	2021-09-03T13:54:50
7.64845	-51.42133	0	63	2021-09-03T13:59:51
7.65210	-51.42285	0	63	2021-09-03T14:04:48
7.65566	-51.42422	0	63	2021-09-03T14:09:49
7.65928	-51.42569	0	63	2021-09-03T14:14:51
7.66284	-51.42715	0	63	2021-09-03T14:19:51
7.66638	-51.42862	0	63	2021-09-03T14:24:51
7.66994	-51.43008	0	63	2021-09-03T14:29:51
7.67351	-51.43158	0	63	2021-09-03T14:34:48
7.67714	-51.43304	0	63	2021-09-03T14:39:49
7.68077	-51.43451	0	63	2021-09-03T14:44:46
7.68493	-51.43624	0	63	2021-09-03T14:49:44
7.68811	-51.43744	0	63	2021-09-03T14:54:45
7.69180	-51.43890	0	63	2021-09-03T14:59:43
7.69547	-51.44031	0	63	2021-09-03T15:04:40
7.69924	-51.44171	0	63	2021-09-03T15:09:40
7.70294	-51.44305	0	63	2021-09-03T15:14:37
7.71038	-51.44596	0	63	2021-09-03T15:24:39
7.71416	-51.44733	0	63	2021-09-03T15:29:39
7.71794	-51.44879	0	63	2021-09-03T15:34:39
7.72189	-51.45034	0	63	2021-09-03T15:39:56
7.72549	-51.45180	0	63	2021-09-03T15:44:56
7.72948	-51.45334	0	63	2021-09-03T15:49:55
7.73297	-51.45471	0	63	2021-09-03T15:54:44
7.73674	-51.45618	0	63	2021-09-03T15:59:43
7.74460	-51.45917	0	63	2021-09-03T16:09:42
7.74833	-51.46054	0	63	2021-09-03T16:14:42
7.75206	-51.46191	0	63	2021-09-03T16:19:41
