1234 1 1
1234 1 2
1234 1 4
1234 1 6
1234 1 8
1234 1 12
1234 5 1
1234 5 2
1234 5 4
1234 5 6
1234 5 8
1234 5 12
1234 10 1
1234 10 2
1234 10 4
1234 10 6
1234 10 8
1234 10 12
1234 15 1
1234 15 2
1234 15 4
1234 15 6
1234 15 8
1234 15 12
1234 20 1
1234 20 2
1234 20 4
1234 20 6
1234 20 8
1234 20 12
2345 1 1
2345 1 2
2345 1 4
2345 1 6
2345 1 8
2345 1 12
2345 5 1
2345 5 2
2345 5 4
2345 5 6
2345 5 8
2345 5 12
2345 10 1
2345 10 2
2345 10 4
2345 10 6
2345 10 8
2345 10 12
2345 15 1
2345 15 2
2345 15 4
2345 15 6
2345 15 8
2345 15 12
2345 20 1
2345 20 2
2345 20 4
2345 20 6
2345 20 8
2345 20 12
3456 1 1
3456 1 2
3456 1 4
3456 1 6
3456 1 8
3456 1 12
3456 5 1
3456 5 2
3456 5 4
3456 5 6
3456 5 8
3456 5 12
3456 10 1
3456 10 2
3456 10 4
3456 10 6
3456 10 8
3456 10 12
3456 15 1
3456 15 2
3456 15 4
3456 15 6
3456 15 8
3456 15 12
3456 20 1
3456 20 2
3456 20 4
3456 20 6
3456 20 8
3456 20 12
4567 1 1
4567 1 2
4567 1 4
4567 1 6
4567 1 8
4567 1 12
4567 5 1
4567 5 2
4567 5 4
4567 5 6
4567 5 8
4567 5 12
4567 10 1
4567 10 2
4567 10 4
4567 10 6
4567 10 8
4567 10 12
4567 15 1
4567 15 2
4567 15 4
4567 15 6
4567 15 8
4567 15 12
4567 20 1
4567 20 2
4567 20 4
4567 20 6
4567 20 8
4567 20 12
